index,1,2,3,4,5,6,7,8,9,10,11,12,13,14,15,16,17,18,19,20,21,22,23,24,25,26,27,28,29,30,31,32,33,34,35,36,37,38,39,40,41,42,43,44,45,46,47,48,49,50,51,52,53,54,55,56,57,58,59,60,61,62,63,64,65,66,67,68,69,70,71,72,73,74,75,76,77,78,79,80,81,82,83,84,85,86,87,88,89,90,91,92,93,94,95,96,97,98,99,100
(1,),0.3911138676813662,-0.01111244564802601,-0.009335027284798545,-0.01763837955894692,0.002995872446713379,0.007445814296429099,0.003771224378682041,0.01939269021803896,-0.01758084361607735,-0.004387443181281852,0.03792776001549721,0.02373434117085367,-0.0210412618583764,-0.02644456861315275,0.01343361693351651,0.006796621629146293,-0.007263385114738966,0.01751732198398196,0.01549654470524498,0.004012747836582218,-0.01027874302278636,-0.01037167108468312,0.0187817705600891,-0.01429718532907908,0.006306256910863995,0.01704184111428387,-0.008969944517779944,0.02470383251431519,-0.003640172396528401,-0.01908995144322339,0.001449632309879901,-0.02567152133038759,-0.01948588890057546,0.004547023566719101,0.01081874656139079,-0.01627389418513898,-0.0006996748901737198,0.005482199445828725,0.006868379041142165,-0.01263484886284163,0.009615710614070376,-0.03037875073647329,0.01662384880540503,0.02970905913181242,-0.02889247537510681,0.02334231797313958,0.01015907418717387,0.02662290447018123,-0.02590828365724065,0.006273617642349537,0.02033983116853751,-0.03152046261593829,-0.02055244238096332,-0.0218298975497625,-0.02499229183318936,0.0001705599575851397,-0.02149403792992473,0.01670892764832688,-0.03814474208608305,0.02587512669743647,-0.02256744008828107,-0.03622392840887637,-0.02115017768834886,-0.00492245733292318,0.02256105126412676,0.008158591321383291,-0.02540272010170726,-0.0352257764786616,0.01174414993962545,-0.007083474988022222,0.03598170314521304,0.008421561428607817,-0.01352795932732354,-0.01491531868434499,-0.002110188573462292,-0.01651636681045214,0.003799475542583581,-0.02694112552537118,0.02464523363164683,-0.004053854637687711,0.0220912609500804,0.01621191781343927,-0.02243104059265402,-0.02133554414196454,0.02424484449316729,0.02173259166205646,-0.0005473366340096935,0.006179983105409513,-0.007102998743583848,-0.02102638603259668,-0.01241268441011069,-0.007533097886819743,-0.0257398275514314,-0.003955077844511408,-0.009215339050701049,0.01467044376031537,0.01066685915741021,0.02402263300936885,0.01178920058239082,-0.02217976079985112
(2,),-0.01111244564802601,0.4596692981464336,-0.003961537596762452,-0.01010269087448578,0.01135058142275358,-0.01014957846448015,0.009880235355153599,0.02940642327122604,0.03278862393791133,0.0196262855646076,0.01425008249635889,-0.01383368504911979,0.001625452744015078,0.003837815787525086,-0.0163873388956793,0.0235686573984402,-0.02636089177318273,0.02256346700710624,-0.01358114286979599,0.002790186309334253,-0.01306222730425472,0.01167605493516984,-0.04644928751094768,0.01311692978649033,-0.04002981884739847,-0.02058817865468215,0.01937349640143007,-0.03338888813192428,-0.005805166823692213,-0.03596249912432685,0.006917933120778812,0.002065384205236327,-0.03364055798545534,0.03386416890325455,-0.0254340019709057,0.005867296293930527,-0.0289493371369004,0.01529394934923283,-0.008341702770121709,0.0418182082276186,-0.008952248757644467,0.04484810441615153,-0.04591625663339687,-0.01593325203952423,0.0204549879504019,0.01301478530632973,-0.01604160657629697,0.005550507698177595,0.01567428762634641,-0.0142459562273698,-0.02645152043036736,-0.01228565723427317,-0.01286253317296685,0.02328272731908939,0.004000883658014118,-0.002743882383988079,-0.01754097457863357,0.002930768453684568,-0.01128244252386683,-0.02429921550317634,-0.001435257044843074,0.02182116504504998,-0.01814672595250659,0.00912231539796511,0.04778059693495978,0.007353176742000731,-0.0379206153244458,-0.02537007798283487,0.0374013553317622,-0.02122388380697885,0.01878933760231478,-0.02506675794881604,-0.03726665116234301,0.02909828626872611,-0.002537901167384234,0.003556721953918232,0.002940093914436402,0.009062912035795147,-0.02983234685109443,-0.01841290866945335,0.0252953075978909,-0.01270099393741525,-0.03210416498013237,-0.004943437879813974,0.01577661019364888,0.03479476497078673,-0.002328227405743493,0.005284206709473763,0.0233841998982671,0.01733323329740887,-0.03401174201512362,-0.009532509034523542,-0.03610396286634984,0.01649502383279261,0.01015001228437511,-0.018277148117312,-0.006906187200009593,-0.01008784448764994,0.02032594858740774,-0.02709453120624336
(3,),-0.009335027284798545,-0.003961537596762452,0.4115765686774648,-0.01320769550485932,-0.01268283873170286,-0.008220054250182528,-0.02303188463914867,-0.01805030720172115,-0.006870946847960656,0.01610447461644595,0.01848480831616275,0.03151589850282512,-0.02789573805696059,0.03137437405262071,0.001839962541826069,0.0211085713739642,-0.01964918344674713,0.02446268443361742,0.01688554367143915,0.03914327328011137,0.01004195414849278,0.004136348991199312,-0.01698764406528729,-0.03548384376891814,0.006204127825540488,-0.03190642754862104,0.01248544220624962,0.0140622704482792,-0.02307160090053133,0.02111581063437478,-0.01921101272493685,0.01576848896672814,-0.006448417604240631,0.007472890509258213,0.002647591412246908,0.01411283225295194,-0.003227498083277176,0.01418034741350881,0.02970887185148374,-0.01487652230181449,0.03007352570877234,0.02070940549431569,0.006396616991260399,0.02800529295324124,-0.01633006375442097,-0.02172466958085092,0.003350226386451439,-0.02330149255379859,-0.00871869115229688,0.0302157326306239,-0.01287934730693924,-0.0007795080076108127,0.0289950737350104,0.01988575006467517,0.008471262603694952,-0.01641610274038705,0.0004908537276062973,0.005703437934165748,0.0228465105447296,-0.02027233584623679,0.001458051901711605,-0.01971575824333244,0.04302747182289761,-0.02800272593606729,0.01985731662984649,-0.003551501291341408,-0.01542353291743934,0.03323171082242651,-0.01505050444016135,-0.01346385809082818,0.01467179870580975,0.01626710514769859,-0.002389617123115082,0.005664204938894276,0.008047179429464126,0.003786873794636276,-0.01986129798880407,-0.02667359550767502,-0.004900546626035025,0.002311235703930856,-0.005413274683840069,0.01742101134753968,0.01480250477984186,-0.01485959680727311,0.006169295117349587,0.02793493096254424,-0.01053984901014067,0.02430976126639183,0.01555549388013651,-0.002822275664523375,-0.03057131184582651,0.0317532314622104,-0.01143581424913434,0.004543369318752192,-0.01146660464366725,-0.004631560176579181,-0.02491074549834742,0.01829562284885107,0.02096946430107343,-0.02722994734698969
(4,),-0.01763837955894692,-0.01010269087448578,-0.01320769550485932,0.408524657683591,-0.02794830704934732,-0.01285619028899277,0.01974929564838632,0.002339650936616674,0.01200511546202546,-0.02412945223582721,0.02633026684746436,0.04653810849621931,-0.004010741356207765,0.002220314092390266,-0.001601572545698749,-0.007763553478864112,0.04644202877029993,-0.008660834202039554,0.01007298796265957,0.001075787751227321,-0.007784475446299908,0.03474620987427918,0.008042581582415116,-0.05134187787016053,-0.006819551712506326,-0.01752620442230212,0.01362568384889749,0.007731943716566972,-0.001160382266327777,-0.005265061858012992,0.01081491292579077,-0.02652831174726896,-0.02988860912093048,-0.01138168409394183,0.01104691831183222,0.04087453590988856,0.01952126307881053,-0.009507293358521594,-0.02516548120471224,0.004579451959036042,-0.0131424807136513,0.009699089915850806,-0.02616478499601491,0.03157780927712815,0.01299252305693475,-0.02645761112392511,0.01232169083724224,0.005459877539361104,-0.02684917148511159,-0.01243713144214154,-0.02422238331749461,0.006669466784453191,-0.0142344804271823,0.00939727385841393,-0.01976250628248484,-0.01412284429867054,-0.03017552836986564,0.01874171633011127,-0.01827914912117633,-0.006107521857214949,0.02157467576809902,0.02086798658893336,0.007891672579848314,0.008617629949311909,-0.003161813729841973,-0.01656614468029543,-0.01175486036920605,0.02982571416749219,0.001827403351254659,0.03905696517956816,0.02318219364704899,0.04505041440997673,-0.008556174482143882,-0.002048234800092318,0.01719088406226996,0.00802658303042831,-0.01197784905980462,0.01497067729094594,-0.009220418283448592,-0.03522780926351703,0.03569613675720204,-0.02844665121095995,0.02416711373513295,-0.01139296402671684,0.006815622579701233,-0.02174633130826326,0.01807460690801261,-0.005533426762291297,0.0180887629272691,-0.007487545713746217,0.0305775947764888,0.005766832834651295,-0.01491088701454032,-0.001106113997347768,-0.003282451827772274,0.01701378951378318,-0.01598364944346256,0.02555639550663935,0.01889840793404177,0.01503286071583366
(5,),0.002995872446713379,0.01135058142275358,-0.01268283873170286,-0.02794830704934732,0.4299773940086434,0.00802074202184063,0.01333828008710054,-0.003583024951951736,0.02169531118819231,-0.007236317218594975,-0.0006598341625180536,-0.002405090120217992,-0.01977333965136991,0.001636827614684833,0.003334589796079794,-0.04645575379559863,0.01210249879773151,-0.01034688460895296,-0.003362837939767206,-0.004328892832092593,-0.02422017237897311,-0.003728588572346915,-0.00434113703687067,0.0112866902088074,0.0009366248180484016,-0.01313101954662594,0.0298902467843725,0.01085866502660263,-0.03222643135758642,0.0155111047291065,0.001061719738904571,0.01148115167741984,-0.01566235472711217,-0.02647906116416773,-0.02685131265631512,0.004752157769760974,-0.01375772172888469,0.02207906625353847,-0.007285579156406043,-0.004576741113123959,-0.002801948255424073,0.0201731648977571,0.001343610710339234,-0.001614054598910408,-0.03322567110318449,0.01439381501162575,-0.03092827376096562,0.01030634063319083,0.01702371207834242,-0.008149531947567654,-0.004104959512080875,0.009213598141811916,0.02067303517692117,0.009390939553277074,-0.02500559180283161,-0.02245845971739224,0.03059172383989592,0.03251926152156693,0.02502727378607941,0.002071421970860122,-0.0204024537761936,0.02044183898214452,0.00883441712226228,-0.007059189252005888,0.02358168025128072,0.02001732300665888,0.01098038457824548,0.001993156914195471,-0.01412447640357881,0.01041807849401978,-0.02309974257078265,-0.0006430159785860463,-0.0009135132227783345,-0.03423789500697594,-0.04388596778461914,-0.001042385141329394,0.02106672065415142,-0.02488660099656649,0.006417207833793058,-0.004237872002085545,0.003179933496834014,0.008472281353083153,0.004778950786827279,0.02680145685419894,0.005519573756610094,0.01692430581294623,0.02999121809799572,0.007034346190281959,0.02205369129257998,-0.003625544144432769,0.01513980849847193,-0.01486554999754354,0.01188660197810036,-0.009084885109624189,-0.0191150345889208,0.01007738920563183,0.02127528339893963,0.01887592129734056,-0.0101624168001252,-0.02425931033143609
(6,),0.007445814296429099,-0.01014957846448015,-0.008220054250182528,-0.01285619028899277,0.00802074202184063,0.3452928028676718,-0.02352279460244943,-0.002384418628297075,-0.02202610716749964,-0.0126078896512539,-0.01762092900140798,0.01823858369281808,-0.01687925579484399,0.01323473974418437,-0.01352993070386654,-0.009764770114929865,0.01503314368151112,-0.0118833397932068,0.007355728896091301,-0.02844616372928787,-0.006777357819175461,0.005714853685757684,-0.01264523302839575,-0.03363319185943328,0.03043218622286225,-0.004722810537265835,-0.0270292383554889,0.02154688060067839,-0.03089353435968715,0.02498715534933867,-4.291415267398964e-5,-0.01785927804731957,-0.02917602771155911,0.01377327257549763,-0.001112212535665934,0.02969665929481038,-0.004109652297270917,0.01789691637967925,0.0156915000952737,0.03311556824324074,0.006208921594207144,0.001427850979605192,-0.001392899442421405,0.007541985995286715,-0.01123208872961523,-0.004632838737384629,-0.01534024004803169,0.01912944382924717,-0.01748201710825802,0.01247013344769186,-0.009428877293206881,-0.007720978852699798,0.0002635487165842463,0.00394011864050123,0.01275981875764388,0.01198842266727313,-0.0202610463279589,-0.0009220205263104155,0.002683407833347248,0.02455035332010816,-0.006351293659513824,-0.0078664435954242,0.02301630703075713,0.002438485997237499,0.02051346178986903,-0.03208194049864779,0.01475958826250278,-0.0005589245428215921,0.001266275581890225,0.01138493332447504,-0.0009781406619195608,0.01696502529256386,0.0161782061088207,0.004131368584764472,0.006698103137891579,0.01857529513624245,-0.008476346185631556,0.009846974217456958,0.006256504492803563,0.04739546279963393,-0.004522701486412652,-0.03286675065576465,-0.02420808326678398,0.01342806972383836,0.01667948458930805,0.002866784766281954,-0.01164230048402231,-0.004143809611665958,0.01735098633744069,-0.0113260362377998,-0.01904593978473898,-0.01656912071908086,0.0123115332906189,-0.02392707594735502,-0.006858042526819296,0.01745625271225037,0.007077349671272121,0.04558636671251308,-0.002245702186321066,0.02185910938888608
(7,),0.003771224378682041,0.009880235355153599,-0.02303188463914867,0.01974929564838632,0.01333828008710054,-0.02352279460244943,0.3931984287997406,-0.006449171955664881,0.003917914659879477,0.006230733368827793,-0.01114378357584881,-0.01657481389809246,-0.007053589988371061,0.00101142907225143,0.0292757937682171,-0.02091526033519394,-0.003832418271002351,-0.01168380613585507,-0.02224440205035634,-0.03209926594655185,-0.02643994697277518,0.03557910161689595,-0.02267750121662705,-0.008609787062438094,0.001551107795886589,-0.003815718300884927,0.02187569491645371,0.01731515054427278,-0.0003661636536735337,-0.003721532066917194,0.0386973198747553,-0.008658650188713608,0.01893296580033726,-0.004968201533973453,0.02066616269595236,0.002488238217767791,-0.004303765137406356,0.0002223779027923227,0.0329314529692812,-0.01146368753441728,-0.01900228457462405,-0.0007733946190194545,-0.008760695965277931,-0.00763485045866427,0.01179716334367723,0.02824203219039456,-0.01389336934131181,-0.01399980890597638,0.0311179335231743,-0.02432408946011667,0.003382913199509829,0.02301754093999735,0.006423010066827899,0.03067874087601559,-0.02891424198228829,-0.00439208191170855,0.03258812625455249,0.02494227067808837,-0.003465586156676438,0.002910232557888866,-0.0418250431615257,0.003052467511802468,-0.02517526237688778,0.002093941930451138,-0.02122591554536757,0.0301407069744484,-0.003272750603047387,-0.02108387055277607,0.01112889768402732,-0.01037410073382027,0.01352912573998886,0.01706671526409358,0.002751849553063364,0.006207139733589779,0.03240054583757217,-0.03077071536748565,0.005945813885903479,0.000588585973334021,0.01583174787357932,0.02797896080161461,0.02301585281811234,-0.01956680832227925,0.01701682150404277,0.00994102253883819,0.02548288593521928,0.02310118335478662,0.0150790846046008,-0.00874821504809878,-0.0505272290113678,-0.01056242981757131,0.0007325278207395301,0.02952481882382774,0.02067880517843176,0.0107501957301441,-0.02097402891570901,-0.01427856144677521,0.01523720605403903,0.002691042646343229,-0.01024617608052797,0.01399815633113255
(8,),0.01939269021803896,0.02940642327122604,-0.01805030720172115,0.002339650936616674,-0.003583024951951736,-0.002384418628297075,-0.006449171955664881,0.4454343378835596,-0.01858421521658542,0.02008603883405458,0.0004020494075277961,-0.0007372908825130056,0.01769117767327435,-0.02313689453840659,0.007114085046995149,0.01233461070436096,0.02238952396373217,0.009064142900480156,-0.02194100388843716,-0.02842893851548596,-0.0001521724838599774,-0.03471526140888112,0.01907865647709529,-0.006313818493902876,-0.001542140140238264,-0.01205849281989763,-0.007914848625557715,0.008097935135439343,0.02280054144905146,0.004948469029201756,0.001985226301837674,0.01056897918199733,-0.01661646219199962,-0.01033589877232153,0.03205594441346454,0.02124156884783542,0.02819404420617658,0.02957788183300758,-0.006586142925651245,-0.01869418146373988,0.02701217860692662,-0.01692616080603625,-0.01735599226596397,0.007636704401887017,-0.0161459674242115,-0.01019361297063023,0.01646259141385151,-0.01801519458955893,-0.006189974904309559,0.02325643782811169,-0.01396100382322042,-0.024337929536168,0.00870144113950853,0.0001729468821913158,0.005708094005055304,0.009977653259332666,0.02190670118696957,0.02361532000300633,0.008426106183825605,-0.01696384699081872,0.01711651023708106,0.0003540630111956127,-0.01709024392244958,-0.03468316472547141,0.03863248397053445,-0.01481082470664218,0.03566578940841408,-0.01896177738792875,-0.007453261319131028,0.02420876241214253,-0.01773616939329746,0.02018363037302365,-0.01583726117960924,0.02804867402281921,0.02673604947767964,0.01024015723478638,-0.001189691272187103,0.007633577102185252,0.0165634551803631,0.01104744311231743,0.03414261133453489,-0.01866516737909885,0.03526283471497473,-0.04169911858098618,-0.02889988563710245,-0.0003310181048386626,-0.002121666247906753,0.0307880954720773,0.004813676461785155,-0.03305325048744892,-0.02046738647998142,0.03406355157647495,-0.03586168490401656,-0.01096776131516225,-0.0007838148529357596,0.009407616451754523,0.004509761072873718,-0.02495496087525035,-0.006120150980415247,0.006141094302931708
(9,),-0.01758084361607735,0.03278862393791133,-0.006870946847960656,0.01200511546202546,0.02169531118819231,-0.02202610716749964,0.003917914659879477,-0.01858421521658542,0.42813689059201,0.006684328347957388,-0.0006100218479130417,-0.02309957190281921,0.01620940061843093,0.01158919826149052,0.01118856002469697,0.01122383995642625,0.01109937327081249,-0.01165861648883494,-0.01196548237884893,0.009882989021295191,0.01792681892140061,0.03259777781051831,-0.01239226619559039,0.04100013300194119,0.01952619863634142,-0.008301386739601038,0.03517051277895063,-0.02358449648275078,-0.0279037724161307,0.03372684571725736,0.002467843656868461,-0.04031390493706417,-0.02750300125374238,-0.01501763136311536,-0.02948294733202196,-0.02008979830226995,-0.01205023293974707,0.01086645101968206,-0.00967671337764255,-0.01824317897692038,0.002598333073212864,-0.00275391430792118,0.01280874666959494,0.02941297565939299,-0.013609376140354,0.0114796849433848,0.003290321428235925,0.01794717660005817,0.02480139269964806,0.008568947184131596,0.007132902112575461,0.002350381546093025,-0.02285471261338889,0.02057589403659493,-0.03845683202442383,-0.009043247641608134,0.007589713767545914,-0.03254419453883316,0.003002941523944618,0.02674136911517978,-0.01263216536370388,0.03851195220728941,0.03812684175968847,0.0003630242350027904,0.01688940502631368,0.008490104423194873,0.02641110003150377,-0.02589047915919525,-0.02003586453812047,0.04550507551946627,0.0001046013526692629,0.01541639878645549,-0.0138393463148139,-0.002592822642412847,0.01557911984671746,0.00164173821363404,0.0326947693504598,0.0008176378587320243,-0.01107099040983219,0.01634779337312964,0.001859474931013432,0.002453854226358822,0.0101889999359958,-0.01176960059400698,-0.04903684470237892,0.01709942495192272,-0.01593250127404701,0.009155678973373205,-0.03034735992477405,-0.01192378927157284,0.00372762804830873,-0.01156245000111995,0.006678457414838143,0.004236020115504962,-0.0222186176128842,-0.01621520148363528,-0.02005798458846807,0.02296421260115605,0.02013662029430298,0.00218753304061058
(10,),-0.004387443181281852,0.0196262855646076,0.01610447461644595,-0.02412945223582721,-0.007236317218594975,-0.0126078896512539,0.006230733368827793,0.02008603883405458,0.006684328347957388,0.4009361466370356,0.008410548263910618,-0.009085796409502425,0.005793840182422766,0.001597084943585647,-0.006352277098388657,-0.01553289152829566,0.01392827363957037,-0.002750765963010211,0.01286664971205884,0.007069755695118772,-0.01483827475863748,-0.005625192758333444,-0.03629722251543516,0.008270873876684078,0.02560407043860966,-0.004516048796693472,0.005955685122618006,-0.002311720978630824,0.0385661178492305,-0.004711277888846524,-0.04620081622989905,-0.01321349004104334,0.007898439617750726,0.03514769366552173,-0.002591230033032077,-0.005434133815643813,0.005760038698983116,0.02828094184189715,0.01607816090094249,-0.01041695421482222,0.01370429336260005,0.04292174905056354,0.002665748815425007,0.02690159188516817,0.01660101600580861,-0.02064772333519743,-0.01557647458860046,0.01556089115350287,-0.003247407263132689,0.02061719714371597,-0.01366805494003042,0.01636284657216811,0.006535669911505429,0.01074588348174821,-0.03053396109272698,0.01994731253565123,0.007483911518818848,0.02363988577045926,-0.002940825544026927,0.02559482608813537,0.007990841897044978,-0.006345073293064585,-0.009121647357046937,0.01688343033792199,0.03193204302698942,-0.006711733127344046,-0.004300858600802312,0.04126177641478528,-0.02257067933841999,-0.01485638119642038,0.002372284692267634,0.005294866169407766,0.02172745203333395,-0.008339714507305375,-0.006122126574475044,-0.02486717649553498,-0.01541249077653468,0.004931610356223001,0.002438857908741027,-0.0001576637854504307,0.02561128548248666,-0.001679991686803952,0.01581668070424137,-0.01464737721157688,-0.006668843815668775,0.02626442216949522,-0.0243809900902426,0.0156951982079573,0.006935934348815734,-0.01298707746819119,-0.0121417914553862,-0.01274869551634348,0.003301992923863101,0.005995577989135021,0.01755983300313632,-0.01836106053735724,0.001660637177356308,0.009789461599295321,-0.002192721237928141,0.02972528398623464
(11,),0.03792776001549721,0.01425008249635889,0.01848480831616275,0.02633026684746436,-0.0006598341625180536,-0.01762092900140798,-0.01114378357584881,0.0004020494075277961,-0.0006100218479130417,0.008410548263910618,0.4140972739895376,0.02048206408709287,-0.00799519131002116,0.02481038220614426,-0.01353294215929913,-0.01990453986685892,-0.003742395392282248,0.00593613740191026,0.01766765746601186,-0.001957912474011472,0.0123088079970315,0.004812851175064471,-0.01865357456357871,-0.02318169802251527,0.00987132246332889,-0.06091302874926185,0.01061174483946205,-0.004932302600885192,-0.04013500136224095,-0.02130867049941686,0.04095837364416159,-0.01236137816294953,-0.01328093819142296,0.01409864820685819,-0.04551224189980424,0.001444565971810724,-0.01484899736880961,-0.02075080409557062,-0.01159149197054898,-0.02665657427520202,0.02395814792661893,0.01146844721999224,-0.01245679148429647,-0.01415573685760194,-0.01187545753687783,0.01741401226969516,-0.021002224544124,-0.001821845214497091,-0.03629152048965452,0.02100036157702317,-0.01482854166073531,-0.01442922431578555,0.005622170317679792,-0.01040557227512605,-0.01697612506753774,-0.02656953810351073,-0.005874700029752822,-0.00691050646715486,-0.04609409263553564,-0.00481450746504284,0.001976421019084588,0.01749696803990106,0.015446639678217,-0.01084148619891174,0.02774599918223271,-0.0276248138605538,0.001930941288005463,-0.004853654950396645,-0.01375094643259556,0.009089796565367472,-0.00926092986858008,-0.02725142115641019,0.002678277022332365,0.04183962268018416,-0.005069359090013523,0.0215424058759278,-0.01578461989640243,-0.01361565761910614,0.0311688239099812,0.02654554991747993,-0.0264342997153358,-0.006368684373461569,-0.009636043839109015,0.007816947948978425,0.02259196048403671,0.01254447787425103,-0.04212755384110013,-0.02959979514416308,0.02212909405600089,0.009814624005447192,0.01270566345997613,-0.04096844780049222,-0.007366381737034832,-0.00863787603869967,0.03514248476570278,-0.0005029067172132815,0.01623111479573153,-0.01763291083948656,-0.005703933465721319,-0.001709462495237327
(12,),0.02373434117085367,-0.01383368504911979,0.03151589850282512,0.04653810849621931,-0.002405090120217992,0.01823858369281808,-0.01657481389809246,-0.0007372908825130056,-0.02309957190281921,-0.009085796409502425,0.02048206408709287,0.4152515182740162,-0.01246856036634063,-0.01852263739609915,0.00875598920776013,0.01837034912444618,0.01444760795433517,-0.0141064413867102,0.01318308614799893,-0.001786143351970645,-0.01792099233647702,0.003259438612493503,-0.01837271634162307,0.01484691590869613,-0.005306931109935345,0.004373492027537717,-0.006095089247625821,0.02797183541535855,-0.0221236898103163,-0.03504206442870657,-0.009167417641779849,0.02923092292541173,0.01938057279733795,0.01771394144400982,-0.0259619012294564,-0.02875419530274843,-0.01330354365270623,-0.010779317271704,0.008998950914051463,-0.03158382639699506,0.03831922899001444,0.002944796669799316,-0.001514142114833533,0.0194522690936348,0.02839413919137285,0.01882475114236618,-0.005275502913600674,-0.005866473427795589,-0.03543156148104457,-0.0001659024481303339,0.00812216501218289,0.03513138851497626,-0.03522125325284294,-0.009804728037277673,0.01595872482232592,0.002255727377755443,-0.01111817668449803,-0.003980322512685394,0.02160182294174791,0.01004356576776707,-0.01616977252140413,-0.03312571029296322,-0.004940638067568993,-0.003697874498504875,0.004884982791130494,0.02284738631821828,-0.005040632369011144,-0.00412290712257791,0.02365936851933631,-0.01045846594893233,0.01030427986471044,0.03532350403260874,0.01909011822461811,0.03878593609295196,-0.02079279924297089,-0.01285288263532681,-0.009219891103362115,0.000323222634208095,0.02922831327187486,0.01408209329498122,0.0124629718158896,0.00886111580751479,-0.01252764344915502,-0.02215737735959936,-0.01063205206541754,-0.01018754838182889,0.01416088164853027,-0.007641304442428038,-0.04236687027633541,0.03097050149541453,-0.001759667090390176,-0.01382912168878152,0.01112519792151902,-0.004482667234334642,-0.008977320329266538,-0.02250282694665273,0.01689385497665744,-0.0242876932627997,0.01226882172054427,-0.01729567638797446
(13,),-0.0210412618583764,0.001625452744015078,-0.02789573805696059,-0.004010741356207765,-0.01977333965136991,-0.01687925579484399,-0.007053589988371061,0.01769117767327435,0.01620940061843093,0.005793840182422766,-0.00799519131002116,-0.01246856036634063,0.4060507281781658,0.0289147564522605,0.02101990803532168,0.01610072346688993,0.01426462337174108,0.01989545453047775,0.01314094168087363,0.004483562767833418,-0.003708289467021161,-0.03014784969764153,-0.0163523819719372,0.01361161350187075,0.03523593409641867,0.03082663410346579,0.01516454520983455,-0.01532464853190367,0.003040607865482962,-0.01980724770696781,-0.01568823903615833,0.02360974077401979,0.02236006647514137,0.003772055571189303,0.002700991783790535,-0.01198214279874155,-0.02085004647518603,-0.02947702439144371,0.008950480211872194,-0.002047430528970578,0.002157367298742731,-0.00700882327997147,-0.0195862954679711,0.001411017723934786,0.01502663793379012,0.009401273567725146,-0.004440272889029633,-0.03694733159091793,0.03793461769145011,-0.008751197033926158,0.006804538721188219,-0.04692648130184345,0.01277628678388233,0.004088387820785771,0.006767385901639347,-0.0176487508627866,0.002469702333207846,0.01347093971929281,-0.01473818621786028,-0.02039557286719048,0.01413769171273341,-0.03933483848728467,-0.0004637240709707273,-0.02052908902384611,0.0173689100248775,-0.002412341671555082,-0.01766707048378692,-0.008104063535865791,0.02225012763993734,0.01185660357621515,0.003075351527392163,0.0426676484345827,-0.008601754922074753,-0.02180426622153824,-0.01142782024898085,-0.004518536997080356,0.007626349183271743,0.04166521048533015,0.03665821414233707,-0.02591153309031282,0.03235205717753084,-0.003517618374016317,0.0241202389115783,-0.003648214564990175,-0.01899993456597121,-0.0002304755643000385,0.007579545396218393,0.01164178528754201,-0.0216527344168981,-0.002496128047295173,-0.02814690107081341,-0.009721826531234415,0.005824894876747772,0.04279270850749846,0.008735325767358361,-0.0174968092067572,0.006690541321904079,-0.004404095769087253,-0.02559421575737231,-0.02481303888834017
(14,),-0.02644456861315275,0.003837815787525086,0.03137437405262071,0.002220314092390266,0.001636827614684833,0.01323473974418437,0.00101142907225143,-0.02313689453840659,0.01158919826149052,0.001597084943585647,0.02481038220614426,-0.01852263739609915,0.0289147564522605,0.3674008195072415,0.003424317787494628,-0.05999468876811601,-0.01114600484351194,0.005122314482751302,0.02784493667148021,-0.03011292453225895,-0.0006043401769451908,0.002622056618057369,-0.00994157616579975,-0.0338296009646487,0.00721733617004271,-0.01768511847220259,-0.01768299081099207,-0.0008658931307357432,-0.006660580994452919,-0.0105853576762817,-0.0132492912323405,-0.007243882661928694,-0.0214255705718373,-0.0009561913715129431,0.02760829105450577,-0.005069166932777447,0.02062346130304313,-0.009448725898051642,0.02962348764741221,-0.03107287668391499,0.03829220023721885,-0.001503175319265311,0.01133199917404027,-0.000617054659624115,0.009232857309411518,-0.01988434007690273,0.01262818672946029,-0.0002728573204641237,0.005554400433258951,0.005176252005389665,0.005686508945121543,0.008900158876685018,-0.002988441299279235,0.01886882160712963,-0.02242317923921493,0.01179286983022613,-0.0006075425708952088,0.005603605680865974,-0.0352663958416409,-0.01663359905455598,0.006752476798782165,-0.00607969679024496,0.005081595467624751,-0.01664805291387647,0.02910147873839439,-0.01235696628002488,0.005102261525897605,-0.01927790359467813,-0.02639297262868132,0.01479993794468255,0.001586808966594151,0.01078510881819234,-0.007576781038499443,0.01533575670749395,-0.02493327451102161,0.01574744237383801,-0.003270690667112659,-0.02984322844245319,0.009368974820787345,-0.008145187625205509,-0.007983889573455945,0.00761325956332504,0.01614239009667291,-0.02339419462438617,0.01837962489208909,-0.03595582223061059,-0.01802871888591253,-0.01121766054997723,-0.04857383990511517,-0.0248565547041963,0.007908966420528983,-0.04564305546161346,-0.01835556189212386,-0.01349121359967895,0.005846437175216147,0.01598166117088953,-0.01496876073571699,-0.02406536788643789,-0.01055127901271225,0.005770648120781968
(15,),0.01343361693351651,-0.0163873388956793,0.001839962541826069,-0.001601572545698749,0.003334589796079794,-0.01352993070386654,0.0292757937682171,0.007114085046995149,0.01118856002469697,-0.006352277098388657,-0.01353294215929913,0.00875598920776013,0.02101990803532168,0.003424317787494628,0.4095957456463936,0.003570364847181901,0.00577754512153165,-0.01367311200699038,0.006504803483805294,0.02629154987471427,-0.009194153091769285,-0.007156806330585552,0.01735132411507352,-0.0005861966892193196,-0.04315302712323488,-0.01337364168122805,0.04298176395845636,0.008301099333245424,-0.006723675441370734,-0.01119227950464144,-0.01714190782547377,0.01027398158656026,-0.005778863003985188,0.01017464127375251,-0.006313158454543699,0.001957796882278866,0.01722008664940487,0.001644998515355749,0.01712211016838305,-0.006262906676134631,0.008505583632379306,0.01555712869850646,0.01872789790815654,0.007324964906764679,0.002685621425261063,0.003490556537848467,-0.005102618418754111,0.01106535337693328,0.00976057122033544,0.009320114324359408,0.01803524303893103,0.02714983971152234,-0.02323942684449025,0.04141518510076114,-0.04463750194781902,0.00323766697120849,0.001014097296679314,0.02827649444542277,-0.01951489789329217,-0.01903758448809872,-0.002393448572723028,0.00360366459140155,0.01832013252240789,0.01883682304151347,0.03960072846370755,-0.02460857548300908,0.01033924465533656,-0.03770892358935937,-0.005621271805761281,-0.01502730326945372,0.02992314829629768,0.00810665797298199,0.01844261828156249,0.02431096381444118,-0.02360891701875034,-0.02526575770618003,-0.02713422262461317,-0.02139911001831828,0.0197267153891417,0.0006710477608901574,-0.03170524996023325,0.00797504762377357,0.01438857482489767,-0.02512761375451058,-0.008169516581674224,-0.03627312588225182,0.007771766216587967,-0.02573804796925681,0.01383631321363219,-0.00174856047454441,-0.00286376281316946,0.0314353334556589,-0.03943351096924691,0.008043108922890315,-0.002959730837328305,-0.022085885793739,0.02266386765343881,0.006944821864362632,0.01692667130236162,-0.01835691544007809
(16,),0.006796621629146293,0.0235686573984402,0.0211085713739642,-0.007763553478864112,-0.04645575379559863,-0.009764770114929865,-0.02091526033519394,0.01233461070436096,0.01122383995642625,-0.01553289152829566,-0.01990453986685892,0.01837034912444618,0.01610072346688993,-0.05999468876811601,0.003570364847181901,0.4552114307090186,0.01519297799220225,-0.01211977780382173,-0.002099583698737898,0.01367133484279969,0.0264475486360833,0.03914651488301966,0.007641545236067385,0.02507494952494587,-0.01212496882500543,-0.01427214813561276,-0.02292053769513626,0.005312028622201544,0.002196084931504274,-0.04801708578934513,0.01924090420820429,-0.002125760602149903,-0.01527532402850972,0.01000266664299568,-0.03498840114779175,0.03814115043265041,-0.05342085381525329,0.01255052909393988,-0.01747461080185127,-0.01971967979739433,-0.01180873452271238,-0.00137909135276294,-0.02496654837762425,0.01161672469162017,0.02128632745238843,0.03758443964324547,0.007675441867783267,-0.0336516223623524,-0.02043738003768067,0.01173552765868452,-0.017680283877695,-0.009363796864566492,-0.0008223061178326246,0.03169381587983532,0.04240602598537811,-0.02192693481062484,0.03061649791920269,0.032716610769618,0.04244161114120201,0.0351340756484366,-0.01970088186790954,-0.01283296436232404,-0.000142466952425072,-0.007315985844877089,-0.003430039493764366,-0.003802942700931857,0.01119578692457288,-0.01699853122056983,0.01011191880355032,-0.01074923787165178,0.002472654253425583,0.01835622733479941,0.01365870640775737,0.002101761638777571,0.009320198787910404,0.01345678364240339,-0.01195635294111349,0.03202955353774845,-0.002805166308582963,0.02546291873901781,0.01107390642486307,0.02007335634261193,0.02633259782200292,0.04061111563512839,0.02453656753457244,0.01191233740652309,-0.01154966329835498,-0.01289445022226406,-0.01482081402900052,0.001764156563188098,0.03547341253078996,-0.006377576799981218,-0.02174705980049345,0.0214551731584967,1.411950190544502e-5,-0.03528019216909273,0.01146453838628835,0.01774614712473254,0.03813735230823281,-0.001739350357807065
(17,),-0.007263385114738966,-0.02636089177318273,-0.01964918344674713,0.04644202877029993,0.01210249879773151,0.01503314368151112,-0.003832418271002351,0.02238952396373217,0.01109937327081249,0.01392827363957037,-0.003742395392282248,0.01444760795433517,0.01426462337174108,-0.01114600484351194,0.00577754512153165,0.01519297799220225,0.3825926647505532,0.01658512084569714,0.02001081557135491,-0.01718722875316411,-0.01360438149340138,-0.01172826533425158,-0.03840354751598438,0.05264520834120177,-0.002364429995079584,0.01713642202277669,0.02099876765396807,-0.02125146174782269,-0.01556279416911926,0.006927379994885963,0.001735686433482983,0.03991211866071452,0.0156876540777502,0.01640689689442474,-0.01923604843650129,-0.004250772843560466,-0.00572084734703717,-0.004128878066748702,-0.002972705248205653,0.01730809667205253,0.003453055050587252,-0.02603479562345215,0.02950712722580996,0.004942491206315412,-0.01938517836877128,-0.03180936181365816,0.04374388019802274,-0.01609891932678154,-0.001339487014193303,0.01187712348977098,0.01223192780451864,-0.008399701557704364,-0.01304892235652389,-0.008083546076272397,-0.02770258739086454,-0.03374338713450936,-0.007423829577084915,-0.00134600840707359,0.001917280233429314,-0.01610112460790792,-0.005932489479678867,-0.01014131909106793,0.01414346086342542,-0.003573044848199011,0.01141055091501192,0.01196450341228338,-0.01424021296072048,0.01861430345352517,-0.01635767996164753,0.01092788526295048,-0.006946682869444957,-0.01217622127867901,-0.02070774492560002,0.009315496499463876,0.02049994565818285,0.0001990956478473125,0.02941557398417993,-0.01299924174464798,-0.02136338740835352,-0.0255115886446822,0.01627362399850692,0.03740837930843645,0.01316629313986557,-0.008997897511197284,0.01328646862560671,-0.001298348306002121,0.001915437049042308,0.04814646440138803,-0.01817126225180103,0.02044036889263781,-0.009913410809371921,0.0123100742583404,0.0009692591891064203,0.03309836905648675,-0.005436598251414283,-0.02961561142067887,-0.005956234520555802,-0.01716356214595996,0.006055879555604913,0.003328562585211224
(18,),0.01751732198398196,0.02256346700710624,0.02446268443361742,-0.008660834202039554,-0.01034688460895296,-0.0118833397932068,-0.01168380613585507,0.009064142900480156,-0.01165861648883494,-0.002750765963010211,0.00593613740191026,-0.0141064413867102,0.01989545453047775,0.005122314482751302,-0.01367311200699038,-0.01211977780382173,0.01658512084569714,0.372635106156983,0.01635987407619787,0.01623735045447598,0.02391665082888168,-0.01592213410769187,-0.009453000451085207,0.02186366211552772,0.01324790671572026,0.01460542027741946,0.02453127386203104,0.0174221533180033,0.0008447451140844857,0.01693542573840191,0.0529074612355214,-0.008125588642295012,0.02134232615567233,-0.003796211751726191,0.0001442999538829532,0.007921469058577242,-0.02122605545801664,-0.01693185454874039,-0.01041010654458192,-0.001049740203108605,0.001666614497889034,0.003630214755475104,-0.01457108683480169,0.00987956541269388,0.01376514586642882,-0.006442033070523488,0.004732774884085603,-0.008913277675329363,-0.01819153098679457,-0.00859839117778037,-0.02473650385200786,-0.002906588123513031,-0.01044462778737675,0.02413160228876248,0.01356439422931867,-0.018070919181816,-0.04271009535063973,-0.004895051230344701,0.003809394200816741,0.03298524522352229,0.04509442292279277,-0.03376976769757061,-0.02389461932243731,0.001625275375322193,0.0166285192804565,-0.05208917178311326,0.01460047300044375,-0.02304915498273516,0.01074861786372332,0.02176780530324711,0.0005635463106391017,-0.01492074616171775,-0.01703753157657614,-0.01287858223921014,0.009503189255105238,-0.02203663289732245,-0.005500179232196178,-0.02061880155999853,0.0005339024341271827,-0.0002524711669131062,-0.04303400940012285,0.006400924205287871,-0.01534084510864577,0.006618420254860339,0.005152990596231172,0.02995637450898787,0.01532832453369974,-0.0237315187328225,-0.02110431019383119,-0.006338833714009435,0.02451592252282462,-0.008394898864815193,0.002346639777466026,-0.0270352389305096,0.01307886749053806,-0.01388257076500644,0.03623852339451124,0.02902379125593866,0.01140830378856449,0.0456524471595632
(19,),0.01549654470524498,-0.01358114286979599,0.01688554367143915,0.01007298796265957,-0.003362837939767206,0.007355728896091301,-0.02224440205035634,-0.02194100388843716,-0.01196548237884893,0.01286664971205884,0.01766765746601186,0.01318308614799893,0.01314094168087363,0.02784493667148021,0.006504803483805294,-0.002099583698737898,0.02001081557135491,0.01635987407619787,0.3818579176816629,0.009073242327217802,0.008400355426250363,0.03502019742586766,0.006644326837081874,0.002501278303481274,-0.005222169843971126,-0.01327668395159744,0.01478896597076064,-0.02250952036880987,0.02767385298236533,-0.0001717583900931015,0.01091263532001058,-0.006044849777380758,0.01748068119651305,0.01222489196765413,0.0155056234897775,-0.01459901519640142,-0.02676011355249926,0.03041368452673471,0.006790575278635649,-0.02394522768648249,0.0107900282282554,0.006270254674582481,-0.03340824162169374,-0.001658606927355641,-0.0009343829759601767,-0.01393347252608025,0.006277865443058969,0.02869478622115245,0.03788075041434324,0.03908960713438886,0.01514549296005762,0.02413500666184386,-0.01470609754000986,8.209778530122595e-5,0.02205711469764888,-0.0233909811277198,0.01045656993175503,0.004269717809671975,-0.001941957524011809,-0.01662606353884212,0.01249522688617649,0.03064651144139997,-0.009058779322092744,-0.001908985008903665,-0.04869797978182487,-0.02542749680896551,-0.02962933689735533,0.005602937254829942,0.0006024964637173797,-0.04274773086114201,-0.02707588926912087,-0.0237678423356069,0.008058504154406478,0.01131506758460979,0.03491721243391935,-0.01119863825873563,-0.001455744164635975,-0.01025659959038474,0.02091320985625649,-0.006229445711946825,-0.02791192260322071,-0.02650066578157187,-0.01833264800996616,-0.007251750468433404,-0.0131884069291459,-0.01404573304856657,-0.01697961433705756,-0.02215671296535889,0.001101005488482491,0.016457578506733,0.0006629834088817769,0.03023403267947507,0.01183006107918026,-0.03058160047953661,0.001727723313583083,0.007299822633015624,-0.01006289300195177,-0.006165637239828866,-0.006633644393547087,0.03397524907648169
