index,1,2,3,4,5,6,7,8,9,10,11,12,13,14,15,16,17,18,19,20,21,22,23,24,25,26,27,28,29,30,31,32,33,34,35,36,37,38,39,40,41,42,43,44,45,46,47,48,49,50,51,52,53,54,55,56,57,58,59,60,61,62,63,64,65,66,67,68,69,70,71,72,73,74,75,76,77,78,79,80,81,82,83,84,85,86,87,88,89,90,91,92,93,94,95,96,97,98,99,100
(1,),0.268867923133256,-0.02162889637759597,-0.02066784774243912,0.004007691154005628,0.002272432633456133,0.006789462383906202,0.02079337335898943,-0.01224304767093522,0.001042534218730562,0.0194962596353161,-0.009806194635148925,0.01123942859498334,-0.008415558446497,-0.0003758068433805175,0.01823814688131894,0.009149436493817154,-0.01895062909813906,0.01982164597146338,-0.001414312201626508,-0.001481275918613146,-0.01914720774284056,-0.02235994096793699,-0.003897862819576024,-0.004930873674766034,0.005650190794192492,0.008092212226266937,-0.001455417080297713,0.01082150551254365,-0.0003542695680774378,-0.007904600766048745,0.005180341467042908,0.01522671261787325,-0.001983951735629125,-0.00584766437521883,0.0132703189195004,0.009434557766938018,0.009579783190214002,-5.367107641829291e-6,-0.004377365093933144,0.0141578057137947,-0.0008505574291845654,-0.006937118532968954,0.005670578833046566,-0.005987264682558845,0.002305209209304893,0.003977236200599029,0.01641280306440882,0.008512971882180042,0.01877246675123862,0.01275679266545896,-0.007023998732046677,0.01956327341953176,0.001347950742335676,-0.01262893353966278,-0.0034759107164361,0.005291606938909018,0.02104871556351441,-0.0009241378844782463,0.0007478846214105919,0.01151272263508719,0.002376793061431034,0.005831086733640752,0.004021875453087142,-0.008578850571444644,-0.03158252914310175,0.003075878240703147,-0.002593185252621139,-0.01572409733945752,0.006123393948321011,0.001089927452278286,0.01382771644148399,0.03041483389070464,0.01129552845033629,-0.0054099734803598,-0.02199322649684388,-0.01571064673667304,0.02377739048937592,-0.01744559192105459,-0.006432886890651584,-0.009871436143932086,0.009653534496591822,-0.01678766418331502,-0.004336861482113891,0.0003728763076206103,-0.002505445840160252,0.009272166461085968,-0.0005292431894501606,0.0005118475935718306,0.002276139486540713,0.02982444200242245,-0.009279670202081645,-0.01135015134506233,0.01480127794451023,0.005696680295956345,0.01887312787110948,0.00291820680165896,0.003392230909559188,0.01859556732880528,0.01691256818637512,-0.005314692762739505
(2,),-0.02162889637759597,0.2647919340800895,0.004623331492448626,0.01002585717148808,0.007954309830282034,0.0136352978754492,0.02350297549824563,-0.004058730553870418,0.01508684395339797,-0.001954124913847671,0.004939435102124985,0.008245555642395992,0.007794832323609932,-0.02484303310958266,-0.02031710133698988,0.01545223800297993,-0.005154459009651493,-0.007323589410624069,-0.01416553335613116,-0.007134029353787829,-0.005238342897918738,-0.006472072694451794,0.001322281942502965,0.01032120839149537,0.01777303527809213,0.01457028943081632,0.001134438209748183,-0.004971594572637477,-0.00877982453093153,-0.009378478109966764,0.004686273004270861,0.01787773363070382,0.02694299603236081,0.01020056207307739,-0.01405604608562012,-0.008500635204908118,0.0005931158251301413,0.001723523001047106,0.005826557422509352,0.01783660662437266,-0.01819043260700542,0.01462137270468598,-0.007872410763648197,-0.001628555243283979,-0.02059970788341649,-0.001305925263740028,-0.008388399569207085,-0.004342630086288438,-0.009241812499657862,0.004666518941708437,0.009324861862901018,0.01446289923028252,-0.01141088060274439,0.001145869312523764,-0.01522604467697064,0.005938247198271813,-0.0001745679151120149,-0.002285639449992154,0.00957699380361954,-0.01576113761225126,0.002918724400919442,0.002961303480362461,0.01927426100573523,-0.003937558132364139,-0.01762398090476064,-0.008964783982036017,-4.158151423980188e-5,0.001588844679308359,0.004915172347976217,0.0190742454824064,0.009894192514434626,-0.02005277411059791,0.006093750698324079,-0.00924641650544209,-0.01073406717886481,-0.005758205597633259,-0.003004963481744292,-0.009516992465261435,-0.01718649638768907,0.0003244102863649749,-0.005489783796248026,-0.003986090764731892,-0.004465099114250219,0.01822663921819545,0.01195869317025076,0.006779553952950752,-0.01417006696887956,-0.02234296817376977,0.01616674518351355,-0.0001505107847324647,0.001221910943373612,0.01501549550097598,0.01117856655888052,0.001703781610102426,0.01359928508871504,-0.03009392295107872,-0.01712541648863145,0.01571302166565637,-0.003434404453147462,0.02062978093248169
(3,),-0.02066784774243912,0.004623331492448626,0.2667443970496448,-0.01646567686380836,-0.002312510209907175,0.0007978638343149392,0.006757722057436502,0.003272771182140139,-0.003274956601882372,0.01315010155652831,0.009743248491034816,-0.01393746372749142,-0.007148688539303186,0.01200141350244665,-0.003878083433965235,0.01862373399185347,-0.001870102593721814,-0.001223120829399311,0.005917872230010247,0.007680047035694204,0.02158524345757301,-0.00347660774206065,-0.003968862396556087,-0.004788985244712065,0.01745587717484647,-0.0153618583147832,-0.001952392824728387,0.01362772375506831,-0.009191487306090327,0.0116653851959349,-0.02578917943901431,-0.01015364759372351,-0.0284027675184204,0.02080505712933791,-0.01320095885789728,0.01570893166778755,0.006936158909709516,0.0007718302958088633,0.003146797551065861,4.930816751705562e-5,0.0001880718688868286,0.0007543939160617097,-0.003457024980099707,-0.002770181939129609,-0.01796254190464526,0.01604813323017016,0.00777341362064031,0.007016897971450767,0.02226350423940287,0.01298714195258506,-0.005654160064686889,0.003020711783291367,0.01152699840503862,-0.001886381934178739,0.007486864526060374,0.01412915967415235,0.0009643307730615526,0.006702617186139803,0.01248503179728993,0.003743613284446072,0.0378849165868551,-0.01907793798866404,0.006749986013568393,0.01663773375559819,0.004752423728913885,0.006511562763610079,-0.01386869522424627,0.009677156556282302,0.003012340038763337,0.001823889928712491,-0.005119719847977041,0.002566690461960717,-0.01180743966189669,-0.001407581280737368,0.01290389199543327,0.01057880691902343,-0.01014426465914876,-0.03197969963607738,0.003226190923737017,-0.00387215483142381,-0.007112276165402125,-0.004927351382292638,0.03153112006277472,-0.01014895976265228,0.00919426169247151,0.002801569709731292,0.01284159349590491,0.01249548246670875,-0.009998678544738477,-0.01013423345287125,-0.01554613565026415,-0.0009470081268647553,-0.02347373614397722,-0.01507777298297795,0.006171858261914605,0.00602450002609819,-0.009343826075616998,0.004457495629318202,-0.005741913344637178,-0.01492471531381358
(4,),0.004007691154005628,0.01002585717148808,-0.01646567686380836,0.2481548881049262,0.001236183679690867,-0.0150907928545366,0.005570925546982365,0.01072606603653251,-0.01817374847816669,-0.03247845495955821,0.01559232173574252,-0.005005086957734468,0.00534293041087002,-0.00255329334677205,-0.0004743494900437209,0.002106015722298369,0.004381990661832496,-0.000540828018276345,-0.01056539653746748,0.007204842241160348,0.01142609999081399,-0.01177634412637499,-0.01067115546340836,-0.007497197698766693,0.009277151495478801,0.0122198741296972,0.005667421338754835,-0.0139451839266736,0.01217335243562323,0.02151988926156588,0.004232422258216713,0.00986112404092708,0.01093621047552313,-0.009035338879394221,0.002835514355293614,-0.008558414045783233,-0.009728544078508972,0.007460616910529126,0.005130797331504069,0.01546630991358358,0.002080602757977859,-0.0004954333891504879,0.001313452615704223,0.006834322236039034,-0.01540641356473569,0.005081725469232741,-0.004092254680930057,-0.002132248696737458,-0.00121231267331755,-0.004695561409497388,-0.02648840307332608,0.006316172807320062,0.003031168271316372,0.006809848575849214,-0.006038343611983538,0.0005657278220415129,0.008158405659344952,-0.008663768382136137,0.005980787078666333,-0.01207165267899743,-0.02220263846190143,-0.003218432667760479,0.008628860983982516,-0.01775638435563078,0.0110643430545054,0.02641006025033518,-0.006832169794839367,0.01293119940641646,-0.01205146258171902,-0.009326671774901648,0.01350547946686913,0.02360836549344356,0.01992190183853727,0.002692470361956524,0.005893090818202253,-0.01231076987905089,-0.01406599842807068,0.0117397085205701,-0.01989417339157479,-0.005027460570738265,0.0104459049802364,-0.003811152964930021,0.01257707330253236,-0.005315251022206426,0.01616171428551471,0.01438064872001811,-0.02320968685051347,-0.007767784218702393,0.02403969642880432,0.01562267198080722,0.006443660935653524,-0.0001200366291700352,-0.01772429112066471,-0.01401597104971064,-0.003934929759357207,0.01051921852048722,0.002673351610810662,-0.001297429929828306,-0.00930740012598942,0.01311780844062721
(5,),0.002272432633456133,0.007954309830282034,-0.002312510209907175,0.001236183679690867,0.2437540201582214,-0.01400232388147595,0.01106973931037574,0.02013755659867857,0.005966974639228011,0.008163204100553309,-0.009194818802094917,0.002493628010888305,-0.00168082186953876,0.0004568333533454987,-0.006854460685696119,0.01481815133089159,0.006919430198084745,-0.01364518426215761,-0.00519930572349001,-0.01294438637216894,-0.001824226165886171,-0.005183965069185334,0.02002505002131729,-0.003499087674459797,0.01122311177735771,0.01037788717015358,0.001741290659909866,-0.004057834224697429,0.01588679880052553,-0.005561250543295457,0.01535794071462179,-0.01113879889398551,0.00399127580070815,0.01003891926943458,-0.01575151220688519,-0.01477463308575884,0.02519210246725065,-0.01449267681674966,0.02221025424892678,-0.02152306946602767,0.01801772987792039,-0.0002038719809368296,-0.009367279990339596,-0.008645582347488258,-0.002569031588036307,-0.02334711752791817,0.02582673456238423,-0.010562140902539,-0.006559100897964867,0.01764080562309014,0.008190846666508525,0.009821528000691353,-0.02256254872878127,0.01025357217867448,-0.006704607362425279,0.02906107766304178,-0.004537228253757967,-0.01684923567330231,-0.005132560379969123,0.01886144097999394,-0.0226706054620207,-0.01236857139178686,0.001018540567918814,0.01074481851661178,-0.008613728126361802,-0.004729515080288453,0.002339236878971465,-0.01957424005418943,0.002334757196642191,0.0136088507968717,-0.003724978978166536,-0.01046661004651907,0.002246895045744361,-0.0009600901860041229,-0.008050648311313559,-0.02331498172437498,-0.02047958682347751,-0.01046395373135016,0.002220623387904158,-0.006609547327016895,0.01573852534457346,-0.003345217027141419,-0.02548159754253982,-0.02093511199841172,0.01135322962815534,-0.02056053608598877,-0.007127366139002806,0.01392077127593328,0.001313253136716855,0.01218996538615135,-0.00751607454104,-0.01465676882918024,0.0003617428157788128,0.01258874404823679,0.02973137291886688,-0.02041404347698832,-0.01610300362867339,0.000231153393939447,0.0007243447918587344,-0.01662771571876696
(6,),0.006789462383906202,0.0136352978754492,0.0007978638343149392,-0.0150907928545366,-0.01400232388147595,0.2569519741738953,0.01184273056226732,-0.02492763158221583,0.01280262983515107,-0.007238300737539966,0.00183002082259051,0.005830818428996701,0.01937422687411209,0.0065656846543833,0.01475212587150516,-0.01360158990857191,0.01193591904222877,-0.02599462923170273,0.01268423127548061,-0.009556352192926467,-0.02142785837498403,-0.01331836234972102,0.01198598922187565,0.003412495472256612,0.00383063266266075,0.01194164762534893,-0.004133004150672827,-0.008674162288761694,0.0192087274195981,0.01008173236167791,0.0143744197427804,-0.01174745325669062,-0.00904762727188723,-0.005831758416113586,0.00679314730781983,-0.01220696723527553,0.003860818938028995,-0.004385839838292258,-0.008755079827613118,0.005632843670868137,-0.0109519283763505,-0.002105753046450797,0.002712073361410682,0.0052255923572001,0.001521055892312914,-0.0105112720789164,0.002617996032926046,0.008557753787208324,-0.007065914396543409,0.0156045230514056,0.01202089206694955,-0.01962864701426603,0.01211483165131222,-0.004583498468552528,-0.02913219323891408,-0.004800586108096801,-0.02338615561150575,0.00701415027763398,-0.004575078454461283,0.004889499941629703,0.0183596749830473,-0.001139397135005416,-0.001537549924792762,-0.00812527825733187,-0.00855240890480591,0.006797752730622825,-0.00916747440401931,0.02220994775300276,0.01710574299608143,-0.02013136897700672,0.006024661895017518,0.01234127323271492,-0.007060760456627315,0.007350827995558627,0.007989123974407701,-0.002295840320372763,-0.0009147869055786497,0.009704209123761161,-0.01891971125648998,-0.005439454402490556,0.001341358111058736,0.01525813892645109,0.007742330950757007,-0.0202415871056037,0.01705325894328696,-0.01245063670503122,0.01828851985395908,-0.01973043375445181,-0.001177920881875246,-0.01589453571098737,-0.01394918559830436,-0.007324067129260483,0.009488846147301706,0.01651419550983516,0.0114544755614403,0.00689406419728282,0.01546064930812512,0.004548541911908382,-0.008339631694923955,0.001531356824744669
(7,),0.02079337335898943,0.02350297549824563,0.006757722057436502,0.005570925546982365,0.01106973931037574,0.01184273056226732,0.2786437334834342,-0.01485207969140876,0.008266553907695234,-0.02822175084724825,0.000380638050155529,0.0161543274030199,-0.01076842612850166,0.009701735266829607,0.00173091143789472,-0.00669419332972655,0.01848779348902497,0.01653870567092953,-0.02418649130978865,0.008788940684787049,-0.007768930760364536,-0.01873298073746533,-0.01349448939911174,-0.006052303033928673,-0.02186273225167157,0.02717037271817518,-0.01180747704802283,-0.01470688304547016,0.007304402799482709,-0.005254543575453883,0.00869377817398433,-0.01275256425630024,-0.01273442465234553,0.01739466380135741,-0.0006896276534132255,-0.01477114583901896,-0.008483374379876875,-0.00295083887924079,0.0214898842459712,0.01446617732687412,-0.004124921194408391,-0.004983192945412229,-0.01603158218247928,0.01461310676029694,0.005051856504503251,-0.003015839687961919,-0.01434542792742048,-0.00808632556448687,0.002477335582569551,-0.009832035193384684,0.03210569632871448,0.01338699999192266,-0.002213136317652167,0.005798363217351944,0.01177802155384045,0.02619875701650985,-0.01729559749724222,-0.002967756721080686,0.005733862370818448,0.02185802985575774,0.00845138331574756,0.006362473812378649,0.004714897750505235,0.01185257624288558,0.01793201271643262,-0.009104996285817103,0.007353314366457179,-0.001983906732243836,0.001024504639251742,-0.005011659248668833,-0.016732421771183,0.01021013205427772,-0.01623149158601342,0.006850628450791058,0.009551383760055144,0.02747096752593207,0.003672173370105574,0.01196257262483501,0.02642694581922798,-0.01518740857159892,-0.003476998518874597,0.0009334028105694736,0.01563010772139614,0.010339428869315,0.001460103656227797,-0.004008021066960044,0.0008831807186345201,-0.0004414815968238709,-0.0001297638958954014,0.00115183950501955,-0.009584253458707089,-0.01781066907668404,-0.01591250014388028,0.01907131484782057,-0.01472136460274785,-0.01159216143115761,-0.0002649527143840862,-0.01067379749564551,0.02013095947496663,-0.002210196340329987
(8,),-0.01224304767093522,-0.004058730553870418,0.003272771182140139,0.01072606603653251,0.02013755659867857,-0.02492763158221583,-0.01485207969140876,0.2615408759614315,-0.000719486399073761,0.001328804647813654,-0.004017205106666241,-0.003276709471025349,0.01943746577675269,-0.01216786232212229,-0.002434918802607695,-0.005954337044100005,0.005738130754825713,-0.00996587605121143,0.006373379203858327,0.004815096479093636,0.001119211214102812,0.00359330703986885,0.01199992101336123,-0.01649926134477773,0.01085691311871652,0.005140118460407499,-0.01443693550765153,-0.0135108240871851,-0.003370767858020749,0.01631939656580036,0.01194732037665089,-0.003206844615248674,-0.002479928310027662,0.01747213320347333,0.006363875479489129,0.009801505814527416,0.01140969420153153,-0.00226810134313091,-0.006151822436665755,-0.01062585989630403,0.006683272861640501,-0.01138404657058929,-0.008321305173467807,-0.003504674986182087,-0.006387270734870721,0.004509441617913083,-0.006240659554449588,0.003038728061660383,-0.005270285590454119,-0.002517076250601402,0.006827071343723647,0.003341025232922758,0.005280339904923433,-0.002573784932920295,0.01362268830581433,6.268467498556733e-5,0.02010405089353087,-0.002602635192626507,-0.008454193112217793,-0.005449042841070887,0.0171214539118424,-0.006728256193086734,-0.002878503062281161,0.02403942046968404,-0.0024967687614847,-0.002750334129980274,-0.02064414182149626,0.001636987667872191,-0.028643125104008,0.004895743788341721,-0.01092146276373062,-0.002343646675580763,-0.01623656449936747,-0.01374267703211246,-0.004322740747450147,-0.01015417395798245,-0.01466062740011048,-0.004189668428647148,0.01984200848205231,-0.005674242055814116,-0.005463003429026672,-0.01880152932297083,0.005293035639662214,0.009751725055833958,-0.02566846604299836,0.01114345996011977,0.02122989948458178,-0.00962679394961876,0.01039426272431981,-0.02291471189258214,-0.002412235837179884,0.002932750327150038,0.005537511972168441,-0.01447038393005374,-0.005266311850229643,-0.01441083352914639,0.01975273082041776,-0.01338598219893895,-0.004067080047661558,0.003798963615653637
(9,),0.001042534218730562,0.01508684395339797,-0.003274956601882372,-0.01817374847816669,0.005966974639228011,0.01280262983515107,0.008266553907695234,-0.000719486399073761,0.2422456654386522,0.003119776410809227,0.00653240177359316,0.01936444679915032,0.01357139862092025,-0.001008443247868877,-0.005205400438009851,-0.002045166049995981,-0.004381629106346367,-0.01815017029276122,-0.006408147767781975,-0.01264379405843726,0.0008399385614363579,0.006825128479929923,0.01053618335249181,-0.01817444148228384,-0.01069618370899084,-0.004209015374168049,-0.001051877861572756,-0.03056052664660462,-0.01164467984780792,0.01984586464910428,0.003465137748442049,0.005477661168356291,-0.02009832939631996,-0.03164523342927317,-0.01613138265133306,-0.01240361704405391,-0.01368876816821088,-0.01715557816795633,-0.003806425907503238,0.004175389487278829,0.009400338512656873,-0.01842961940016922,-4.277611232897337e-5,0.01171140877666735,-0.002846406032930951,-0.01324066047815247,-0.006759404992046608,-0.007683230997385065,-0.007587211224957716,0.009514013715759335,0.002918416434352226,0.004416659358123133,-0.01241629977709693,-0.0008941581641423761,-0.02592449352360874,0.01028052892374682,0.01332545275155987,0.01458990325240115,-0.01269482521703906,-0.009552010366354845,-0.002066348242255262,0.01621222825272607,0.009520936552365408,0.0092363577750432,-0.0008792084342183036,0.009340323658883664,-0.007714688735242166,0.006988540561421457,-0.007448842484849087,0.01143627121276038,0.01144439312378816,0.00992491799830068,0.00349568326099418,0.003708677700369903,0.01730638876071325,-0.002221704005026632,-0.01201287891277382,-0.002069535476777538,0.0254249377404507,0.0131958169752827,-0.004968210285543777,0.009559878381613693,-0.002354762073066395,-0.001281067211639235,0.0106032882723007,-0.01123568188533058,-0.03121350786171401,-0.002337250163395178,0.00837785370225215,-0.01161271623304899,0.003442223006513527,0.005454152030419205,-0.01004313487234359,0.01263650713182399,0.007817802629184911,0.002650186960432892,0.02935601101392868,0.02967078769728995,-0.02132156991171383,-0.003802100712391118
(10,),0.0194962596353161,-0.001954124913847671,0.01315010155652831,-0.03247845495955821,0.008163204100553309,-0.007238300737539966,-0.02822175084724825,0.001328804647813654,0.003119776410809227,0.27477903191987,-0.01184119007797693,0.002381822636594204,-0.01949463145673425,0.02516577830924855,0.00144016925122816,0.005708563657044294,0.01412794752959857,-0.00287984170529219,-0.0007836264732604811,1.271577265493542e-5,-0.009367433057667341,0.01192668821079375,-0.01123835132922923,-0.02145439083249527,-0.01547664181100069,0.009213643833215289,0.01245061171924049,-0.006462375739475112,-0.004417177025230688,-0.01557151351330982,0.005365603561701036,0.002938692084062648,0.001188020617275036,0.0154673073855165,0.01651384222336384,-0.01124270335868435,-0.00585059475680662,-0.006712160821098998,0.01344990098545249,-0.02732820084542275,-0.001213253002032876,0.01285054829034538,0.003470562579258573,0.01974963370610655,-0.008807477432681853,-0.00314365040110008,0.01145463398394277,-0.004013981095397186,-0.01654375544329065,0.01667389880350551,0.001906229249906749,-0.01036278603718593,0.002187618666489755,0.007316331216950106,-0.02299603055830584,-0.01107323658811901,-0.008481815685046351,0.005770565660109564,0.004975160147515875,0.01734505676354767,0.01781215380527148,0.01773299837653114,-0.003564279264266955,0.006750238188921988,-0.003321340960743034,0.002769648988241757,-0.001664467305812196,0.008267817006474935,0.0002782327140110938,-0.006318019611157496,-0.008415499265225869,-0.01188290831603386,0.02113937720926033,-0.02579014650956137,0.00307577047464242,-0.004192275122107617,0.008250173997543943,-0.02318774460732687,0.001726997723875655,0.01375776796086971,0.008118552265240662,-0.002376354216849048,0.001671344057651769,-0.003351769657932755,-0.02451074004315859,0.01777490398479848,-0.01302957739073418,0.01190993289078862,0.0085617244530562,-0.000956174617452424,0.01222833831321817,0.01657675532429468,0.005221261577543985,-0.01047139656006854,-0.01032092058726505,0.005363940722330857,-0.01026431125374306,0.0197409000275816,0.0129326590951455,-0.0004935066162256149
(11,),-0.009806194635148925,0.004939435102124985,0.009743248491034816,0.01559232173574252,-0.009194818802094917,0.00183002082259051,0.000380638050155529,-0.004017205106666241,0.00653240177359316,-0.01184119007797693,0.2354846232329932,0.003066266972417678,-0.002423826455112403,-0.001013443613140108,-0.008854604118784713,0.004922938606302265,-0.02131040110571245,0.0104729931860582,-0.002750780033963906,-0.01937514965811474,-0.00882114389234374,-0.003169081240892521,0.004008987830838078,-0.005784231496238211,-0.006639005278804398,0.001103429874158557,-0.01826261474197336,-0.005705861134047594,-0.01168687943120311,-0.008414134094483834,-0.01590258591689014,-0.003482285557714355,0.01481916067334005,0.02692544511028173,0.009544139828906836,-0.004417091109335311,0.01373197837142411,0.009166155430232054,0.00922520844420183,-0.003233980913630697,-0.007926241481768233,0.008692681098747268,-0.01186019434918375,0.02117026872238446,0.002888123599436787,-0.0005219998404098966,0.009873734856880905,0.01123606599440705,-0.006100816708310943,0.0294164779676346,-0.009090982539731198,0.001705874083819888,-0.002485943672873902,-0.01561830908053082,-0.006576400498089991,-0.00939996573353505,-0.0151600185427745,-0.01997397860634287,0.006829642110152186,-0.01593957318855024,0.004503069032102083,0.02669379168126524,-0.004267043170277256,-0.01846340156772533,-0.003644376725755881,0.01043817059960827,-0.0002308837407475719,-0.02030637927046976,-0.009045647918298204,-0.01617248522093713,-0.003565135762937394,-0.008513982159810876,-0.005653308670410157,0.002318229856633346,0.003105724080808761,0.01415958009207854,-0.009471323008493933,0.02013172746505733,0.00538886051884361,-0.008096155880417497,0.01862009450380922,-0.0009987237348617348,-0.003526242147582099,-0.01526062518960398,0.01252891083824305,0.01147476481531283,0.02497366146379752,-0.01265681999057102,-0.02276380048931068,-0.001586964938346312,0.007645464124139301,0.004915781731312348,-0.000598802400415218,-0.01182651595702091,0.002940139204722775,-0.007562476279698152,0.003387817487184983,0.01532684421380407,-0.02138217283393458,-0.002919303874149392
(12,),0.01123942859498334,0.008245555642395992,-0.01393746372749142,-0.005005086957734468,0.002493628010888305,0.005830818428996701,0.0161543274030199,-0.003276709471025349,0.01936444679915032,0.002381822636594204,0.003066266972417678,0.2670487119482789,0.006896495245352241,0.001059511351471118,0.009199012114179304,-0.02732988744358996,0.0202274498501078,0.003286074786902896,-0.007951229553041641,0.008404087772047666,0.00868303329591092,-0.03515562015067088,0.01151374422759976,0.006948502573710322,0.002518947791264714,0.001826170707180765,0.02691548112045239,-0.01042923084226273,0.002238408009038337,-0.01596819629610218,-0.01059865264891665,-0.01997599435511539,0.02057952931862004,-0.002457536101655553,-0.00070717149370555,-0.01747655584098947,-0.01038199069790653,0.004076529245345253,-0.02635938313118773,-0.0004680037411241672,-0.01464904323028531,-0.002882995051629182,-0.02320026039833675,-0.01058407015249252,-0.005964590657837381,-0.0009843456981843922,0.02362211548831503,0.01430315503151866,0.02131240726565023,-0.01489889319143687,0.006386503016622007,0.01239509488192427,0.005678098698033474,0.01692844796599918,0.01581058216910923,0.00229527886013005,0.0006076217143983947,0.01133030842885774,0.006847771332614697,0.008616156410373214,-0.008213784010572869,0.0296302272431198,-0.01081020705347824,-0.003403473588087965,-0.000217666909806769,-0.02031633299085895,-0.006868857383501485,0.001539741540171753,0.01336730288861356,0.001975081719480332,0.00671764684211989,0.002536039275801721,-0.003546210970118347,0.01738617029691938,0.02106690539905639,-0.007485935101304497,0.004792355620208328,0.01551603245339401,-0.01953234780671771,-0.005024546348464191,0.005198540205586443,0.007076030292326741,-0.007970285026784945,0.01677883453699833,-0.01474537889362485,0.01470094856016596,0.005206208143122852,-0.01310950248784541,0.0003355346849439299,-0.009635600967287904,0.01701139491286925,-0.002152914818666311,-0.01750907576255984,-0.01349175436658265,-0.003737619861048334,-0.01891442073062159,0.004098698003481711,0.002685593995340511,0.01154416864442526,0.004236455757743307
(13,),-0.008415558446497,0.007794832323609932,-0.007148688539303186,0.00534293041087002,-0.00168082186953876,0.01937422687411209,-0.01076842612850166,0.01943746577675269,0.01357139862092025,-0.01949463145673425,-0.002423826455112403,0.006896495245352241,0.265805256309702,-0.00975299175224377,-0.02197431683935723,-0.004991056248092913,0.01089647754736972,0.001577277449714551,-0.008601464627488425,0.002867297261999523,0.003366964663041508,0.001134386821692243,0.00641645161082353,0.005593688730133944,0.01007820766688325,-0.005800715011402335,0.004169440203132212,0.01672768046883285,-0.004669159235231489,-0.0003414060775353422,-0.01763160584122739,0.01806206872328501,-0.01049980759905577,0.001507109643744281,0.01084042087129083,-0.0007634427653609866,0.02082030290254067,-0.0009542012263583464,0.02948370634925642,0.01054791919982694,-0.002971252065241492,-0.003721549290646438,0.008490269695370098,0.02037694464061768,-0.007242956427726568,0.01729161733781754,-0.004936545031261317,-0.01474698585881666,0.02260934218835509,0.001000451452736556,0.02252839088638674,-0.003704250189707522,-0.00686676088617294,0.006220448273898614,-0.0009297893335854944,-0.0019065651908044,0.01567931753198968,0.001751544722441612,0.01035223925018766,-0.003951613144386641,-0.01750872191334892,0.003399103888843001,-0.0007325407127032441,0.01656441074306682,-0.01220629297249086,0.008269718671772475,-0.01437585466076622,0.002116094880873052,-0.02052785661006342,-0.01379294626609206,0.0002260236666560833,-0.01248912620552726,0.01174090917793547,-0.006304712886727844,-0.003238370653883604,0.01451219900658016,-0.02770846968052212,-0.005578401931801565,0.01597885512282454,0.0005507635361256179,-0.006507000624689091,-0.02578670965325735,-0.009605555670796826,-0.01795178333003109,0.01049705551257038,-0.01219277399031612,-0.01643329813876283,0.01383918036011046,0.01538694568859652,-0.01013068982743886,-0.0001685984231462416,-0.01592750524936516,-0.002209773545513893,-0.002109616612910018,-0.008678486950513972,0.001155922203778691,0.01427257483996475,-0.01041812323397599,0.00913956484563271,-0.01010392934642656
(14,),-0.0003758068433805175,-0.02484303310958266,0.01200141350244665,-0.00255329334677205,0.0004568333533454987,0.0065656846543833,0.009701735266829607,-0.01216786232212229,-0.001008443247868877,0.02516577830924855,-0.001013443613140108,0.001059511351471118,-0.00975299175224377,0.2435421381261523,-0.001093772279420163,0.01336427944170835,0.01836454892344203,-0.003020266163235395,0.02912824372381802,0.002933131880165652,0.002444026942710841,0.01322240476153345,-0.01459274016392396,-0.01417688884581399,-0.00892229053389792,0.01028151675000876,0.01401317031144267,0.004474246738063443,-0.01953157746219536,0.0115920315981931,0.004002923296642048,0.007218261427603765,-0.01625663934433508,0.0229523993763341,0.002971061568222425,0.02733011960719443,-0.003053928453368747,-0.01656788144881462,-0.000912720042302219,0.004638951520611846,-0.02457666096906957,-0.02094759765507083,0.005359750443117076,0.02031481738120203,0.003938636174700784,0.01576996809012783,0.01608935034749997,0.009488607548567288,0.000559945713861109,-0.007360141352859163,-0.005791521008779657,0.01915587734889922,-0.005276574231168404,-0.00283826559705074,0.003878334114263597,-0.01787539134332677,0.0001621825288300663,-0.01839242537477848,0.01069676541651471,-0.005330036058370995,-0.01266712620710996,0.002681266428659806,-0.003224733659848288,-0.006218535913463861,0.01892244534181891,0.004466554133498963,0.02564784219384599,0.02386066040294162,0.01292016426430428,-0.01236218344822473,-0.009756832545220438,0.01620732226920842,-0.005477187961803225,0.01108828317256536,0.01981841671788214,-0.0001233422014992078,-0.02208168846605986,-0.008148203395455638,-0.004812919802853036,-0.00848333985045463,-0.0004255397521572541,-0.002657349540676546,0.01444401249538308,-0.002944157551511862,0.001101768349579776,0.01012229782263724,-0.008471921987436754,-0.02151663835587889,0.02369590270528182,0.003285583627385966,0.001016869380835515,0.006551826692413745,-0.001628800792345385,-0.01268273613720006,0.01044812362823004,-0.00334761651212482,-0.01041810329371518,0.002199015389531667,-0.008083384048663319,0.008042055656251209
(15,),0.01823814688131894,-0.02031710133698988,-0.003878083433965235,-0.0004743494900437209,-0.006854460685696119,0.01475212587150516,0.00173091143789472,-0.002434918802607695,-0.005205400438009851,0.00144016925122816,-0.008854604118784713,0.009199012114179304,-0.02197431683935723,-0.001093772279420163,0.2667796468741438,0.005064660434086186,0.003855208951162585,-0.0121875751220375,-0.004013917613651446,0.007480941901360793,-0.02279922475464682,-0.01924152057513297,-0.001953987075601082,0.003396472399288759,0.001606830270871193,-0.006662932562421144,-0.007239327960737042,0.01696307793154082,-0.007205176276264243,-0.01017987312523881,-0.02817122626964559,-0.01112104790825978,0.0004310515296453349,0.01036482516736275,-0.01619390815450141,0.01557449034240596,0.00598962556263306,-0.008987606162869394,-0.005072638043407416,0.01774476216896533,0.01061567919511453,-0.0001498032740632199,0.006980594913630799,0.02433154175408388,0.01300267579949146,-0.009619624519937572,-0.01049776470978426,-0.003277383992534184,-0.009603300611636934,0.02057881376602766,-0.004037782891840451,0.02182687256110462,-0.01292479255322881,0.0202036981014413,0.01380548769411258,-0.003812613481033117,0.0125380526913263,0.008951997277092278,-0.004444815783673933,0.004049887800777952,0.006974718355735821,0.007044069491181824,0.01202597966379377,0.01299135655098126,-0.01169087618697217,0.01971831750200631,-0.004502394316451885,-0.02215132868407979,-0.01542776131325763,-0.00839158613851395,-0.003708210018258556,-0.009872343548704126,-0.01559429981913342,-0.005110393888985199,-0.007703377869619891,-0.02206316789934309,0.00912948692456323,0.01158181208754048,-0.006308446911378319,0.01210574986414389,-0.01886485768121575,-0.003604680375977955,0.004943855382837752,-0.02360746925908081,0.007214122932517568,-0.01952989475868407,-0.009339001502318506,0.007238629165439216,-0.00173508456477586,-0.002121140520751049,-0.01465901869692905,0.02786222952114764,-0.001270546916253481,0.004490114528235455,-0.01401132708089312,-0.003465082926529273,-0.01328966402838978,0.01723219670473056,-0.01022951997975816,-0.003969508042170866
(16,),0.009149436493817154,0.01545223800297993,0.01862373399185347,0.002106015722298369,0.01481815133089159,-0.01360158990857191,-0.00669419332972655,-0.005954337044100005,-0.002045166049995981,0.005708563657044294,0.004922938606302265,-0.02732988744358996,-0.004991056248092913,0.01336427944170835,0.005064660434086186,0.2794607017592939,0.01511334174454112,0.01185634926066375,0.01824973216281566,0.02083906059594098,-0.0004724631855875259,-0.007012589332408686,0.003771252403341032,0.01709191178977661,-0.01238426020565733,0.009172694265822299,-0.0005808521737169163,0.002929318248936442,-0.01824837742658639,-0.01289703275318083,-0.003853750186627198,0.005033216858760893,-0.01085844382209105,0.000640731775167794,0.001267001084585991,0.02134015248749701,-0.006361616206810937,0.003617823604332385,0.01330545571924028,-0.02041869908182043,0.01789642972529272,-0.009557972093887049,0.01224681030064332,-0.004504738925370838,-0.01569885309206242,-0.01176331481023783,0.02198882870659472,-0.007855859874744117,-0.006128815048458654,0.0008081107097913799,0.004952221510220683,-0.02627684211081409,0.002998955943338172,-0.006156160809768121,0.01511589871099627,-4.829962876293751e-5,0.004692995031986022,-0.007917243205809138,-0.01385508596921399,-0.00257979151697234,-0.008313282821719978,0.0001376084804925394,0.01306561711235965,0.008629299423217308,-0.008529468953442436,-0.01635525493383118,-0.01820207593262942,-0.01034757464900948,0.00100525880925567,-0.002101010300020593,-0.002777103058816016,-0.01732709890340772,0.0001449720994963109,0.001459071881806096,-0.01298562558532019,-0.005637262501005094,0.002175794666552841,-0.008082052863423485,0.002833291967127048,-0.008676292107900628,0.02209090533001931,-0.006451293453239635,-0.002808865740322477,-0.004081454739968952,-0.01308980491027327,0.01037523106168851,0.006930458398659842,-0.003368922485997139,-0.0008404190788222136,0.003645812215139685,-0.006352299678110682,0.01480451107151115,-0.002987870626579809,-0.02220501895010309,-0.02642259444533934,-0.02465226304210751,0.002945764906151033,0.0126169221176586,0.01298447153759069,0.008308564724245295
(17,),-0.01895062909813906,-0.005154459009651493,-0.001870102593721814,0.004381990661832496,0.006919430198084745,0.01193591904222877,0.01848779348902497,0.005738130754825713,-0.004381629106346367,0.01412794752959857,-0.02131040110571245,0.0202274498501078,0.01089647754736972,0.01836454892344203,0.003855208951162585,0.01511334174454112,0.2575356022593271,-0.004705377060951935,0.01418939735413957,0.002388787340800618,-0.009253429969228066,0.001296577184957369,-0.007525932639028789,-0.004942477443584718,-0.01437300361885597,-0.03570756529985423,0.01494725158262436,-0.004589092446217949,-0.002127101362074242,0.006233929687219227,0.01249314044223069,-0.01439790240061031,-0.007124417420957494,0.01059403515240026,-0.00807514248919593,-0.01546452471504777,0.01276830188811318,0.002114716502366475,-0.006112860075080666,0.02071996361361058,-0.01308850559813621,-0.01346030006163164,0.006391655296983681,0.006740005493175528,-0.006271041799959606,0.003368812490191876,0.01274399308200997,0.01015143317160345,-0.01281313928898633,0.02045522748487647,-0.01513523059383393,-0.01372362184735999,-0.005931000314243063,0.002612971831025706,0.00661188842242503,-0.0266504819234004,-0.02188564821276402,0.01479169926423087,-0.001287580340312644,-0.01158865364222941,0.02105281769838561,0.003625654229170784,0.0131885990267356,-0.01350898854551529,-0.02780278474264591,0.00196131534473316,0.01751447773641296,0.006609537750507218,0.003633695448329456,-0.0330882571302641,-0.002253806852178541,0.007653154453661349,-0.003250286494166864,-0.008758752467759465,0.001375860201467527,-0.02207325810689744,-0.009560959607784148,0.001160723600101961,-0.01318007807448841,-0.01343763603559103,-0.003408913108727846,-0.01139914802504635,-0.001505849526700791,0.02751674701064676,-0.003100055900065879,-0.01157629391697483,-0.009331551303833965,0.006028314334884012,0.035407049601758,0.0005247814268887197,-0.01493160613311971,-0.01734561085697009,-0.0115768704572875,-0.01126333134903433,0.00854946746781894,0.01082475250004977,0.001775882407929079,-0.01599280091776617,0.002607041729957862,-0.01933555032853001
(18,),0.01982164597146338,-0.007323589410624069,-0.001223120829399311,-0.000540828018276345,-0.01364518426215761,-0.02599462923170273,0.01653870567092953,-0.00996587605121143,-0.01815017029276122,-0.00287984170529219,0.0104729931860582,0.003286074786902896,0.001577277449714551,-0.003020266163235395,-0.0121875751220375,0.01185634926066375,-0.004705377060951935,0.2651554926221185,0.004867365694830952,-0.007578973691048171,-0.01490933826235209,0.0002884686651756596,-0.00267490945879697,0.001967957138306069,0.0241236884451838,-0.00472758072417318,0.0123277783381155,0.0242791297042416,-0.002757930268523264,-0.00859865175196414,-0.008278754364128114,0.001982441163252702,-0.01104464987824081,0.010603107453685,-0.0006165750581947575,0.007884745202924351,-0.003253037090331643,0.00342357587210773,0.01501237043055045,0.01019761986603929,-0.008787641467794267,0.001874793661818273,-0.01726312875160883,0.006513160923923334,-0.03535168528776982,-0.01638799656405457,-0.006965342820700251,0.01273277727060411,0.0110605799809178,-0.02133148226822967,-0.01468119819095553,-0.003692388857589437,0.01968176368924482,-0.01420304348297507,0.002646386978942703,-0.00173297532538053,0.01302253957523233,-0.01000620722468346,-0.009318913508065053,-0.005331242715049344,0.01761005873771755,0.004267415878240619,-0.01738298054005328,0.01743989225724363,-0.003035159517133543,0.01166882526030807,-0.006019701837409278,-0.007688385747364938,0.016171296334826,0.006870633931405488,-0.01648356195925256,0.01857547344219446,-0.008065352257855506,-0.01163935998147829,0.0004287933683425892,0.00810789619607849,-0.002848178184824632,0.02214160398071871,-0.01284722737514915,-0.00963399199392798,-0.01876117809968081,0.01840002133804553,-0.01897839119094418,-0.0154448867756672,-0.01603606779518007,-0.02006436033416776,-0.00376433907629069,0.008997868742519947,0.02006506762048107,0.01240448285755313,-0.01027888590366696,0.00129052922125016,0.00441862904369356,-0.02435894624793678,-0.004291039466183746,-0.0005796836705542173,-0.005286714225858987,-0.003211422839545651,0.01747095750731136,0.0121715736779038
