index,1,2,3,4,5,6,7,8,9,10,11,12,13,14,15,16,17,18,19,20,21,22,23,24,25,26,27,28,29,30,31,32,33,34,35,36,37,38,39,40,41,42,43,44,45,46,47,48,49,50,51,52,53,54,55,56,57,58,59,60,61,62,63,64,65,66,67,68,69,70,71,72,73,74,75,76,77,78,79,80,81,82,83,84,85,86,87,88,89,90,91,92,93,94,95,96,97,98,99,100
(1,),0.07757015285518538,-0.003104289907160722,0.002419523191573999,-0.0007334890168018159,0.007421252314958851,-0.004812477123363418,0.002854878159650562,0.01157204002799451,0.00272183793818523,0.001890470241707365,0.009075085374891365,0.0003399351885080552,0.001302848061497469,-0.004802098592921949,-0.002432477207717,-0.004008842831589674,0.001953803935808574,-0.008276584179105323,0.004686565727206169,0.006967949736199139,-0.004611969678745011,0.002317660674890878,0.004933712466934392,0.006878756523473426,-0.004372368675674677,0.004508368033237629,-0.001345475307821713,-0.007242820198229463,0.002751308082658393,-0.001671131682379118,0.002807390834683683,-0.0006502853348642714,0.007096374435975218,-0.004062965548543567,-0.002682731437937949,-0.0007412278070415077,-0.001358156973248478,-0.00304393096594728,0.005807347129069515,-0.002721308254293585,-0.00212578776996198,0.008149207914258494,-0.002067839631403242,0.0003697921661281727,0.007430742169220475,-0.008445757685887866,0.0009505349383951182,-0.00474000118788304,0.003743050530090443,-0.0005159471806264861,0.001723312416616751,-0.00483552906446398,0.002597588715299858,0.0001084275564119134,0.003222813566813964,0.00525284939605637,-0.001352135619859166,-0.0002476170619286482,-0.00290783455524163,-0.00342040747444879,0.002262735994530471,0.004524928805804706,0.003533214642262783,-0.0009676205588486806,-0.003208232430139583,0.001599300443447527,0.0003990031718598296,-0.00172364526362772,-0.00055435533449382,-0.001880296804933023,-0.002414079853037977,-0.001909310666119649,0.002116045792059655,0.00226954963239307,-0.004542677719636387,-0.0003234332211496061,-0.004188524339943939,0.001992340188758257,0.00152659915889966,0.003420659625739082,-0.004500874834101567,-0.001559482573764511,0.004850080430037606,-0.005505783244047574,-0.00491748061716163,-0.0004367638200045857,-0.001660139788280112,0.005592449833397665,-0.001001131555142525,0.004009502658430414,-6.210511094663587e-5,-0.001982943544580269,-0.003450553065842737,0.008398551837393617,-0.0002862306770261889,-9.7456643655863e-6,-0.007030402463339152,0.009223182242687027,0.001696764896734862,0.001553407368110961
(2,),-0.003104289907160722,0.0795746223223092,0.002804518849762723,0.0009254566473258449,0.0006915262904161628,0.001387753009656233,-0.001254024727673914,-0.002261628736601697,0.004308886430101888,0.007061699583208795,0.0001669112453121175,-0.00164396656884428,0.00105201843745214,6.554969302522993e-5,0.003312907635621619,-0.0006923250662816379,0.002131748518359077,-0.005928498005925701,0.002855796516084897,-0.0007904337083155964,-0.005005769683170142,-0.00827507790970434,-0.0003956448242568412,-0.005890504919979249,0.001695237117607214,0.001711362043699533,-0.0005602395336555018,1.98673414692742e-5,0.00128571153783508,0.004360696860145626,-0.00261712793209654,-0.002443702414308285,0.005283646281703349,0.004592694883971252,-0.003964700400678201,0.002307635678645756,-0.008286239831496388,0.006852251724233351,-0.006294188232471068,0.001547529856117875,0.00402706901887634,-0.002332218925599223,-0.00705532008289359,-0.004762338542797964,-0.001290584065588049,-0.001238135751187188,-0.003245407610726502,-0.002043689497502805,-0.001818301241055384,-0.006979637311084153,0.006528862566938032,0.004576538948437423,0.0007789648188491949,-0.003089877052359132,0.0007763771603055234,0.0008406190191467131,-0.001775049858277787,-0.001803033688684966,-0.004908933996256302,0.0002621343926799137,0.001983700570680955,-0.006603873209480282,0.001693867507589652,-0.002064075328646201,-0.003167039872703264,-0.00145924862583641,0.004958972693044924,0.007796980827999307,-0.0004584375312684462,-0.004887815860033464,0.0009405393376509112,-0.002226515350140469,-0.003538011690638943,-0.007806951959331738,0.004257064401029664,-0.003166220779016717,-0.0001352691766148962,0.004567642532862541,0.003234900032374382,-0.003196569777816021,6.984184806410342e-5,-0.006624251270240458,-0.001997513147111413,-0.003486281676814309,-0.003420962551668253,-0.001388700667606413,0.008068337437955188,0.005738280824598114,0.00213415208414416,-0.002528821726156543,0.003781150209410315,-0.0001212667926691576,0.0002305354316247025,-0.001289201367525949,-2.084786032751279e-5,-0.0003953931959696696,-0.001758276996524887,-0.00446852068051143,0.0003214607513184188,-0.004875122506093382
(3,),0.002419523191573999,0.002804518849762723,0.06742942276034737,0.002572550781863195,-0.006255876927959991,0.0006989382120392125,-0.001705697791805704,0.004386228418897504,0.003890138044330512,-0.001009417805990197,-0.002194114720508067,-0.00151361482846618,0.006193520181987625,0.001323758907935273,0.003542002972722056,-0.006887637340163232,-0.000777048562495168,-5.739565635123736e-5,-0.002653699886160616,0.003796123504279341,0.002718557194064126,0.001363551066957361,-0.001806880561100769,-0.004668490941092842,-0.002076474651095958,0.006606747065899971,-0.003552479109325567,-0.00780823848334191,-0.005120796762091188,-0.002161032843343865,-0.0006025979654512737,-0.002249224722829482,-0.003837534123193573,0.0009066291217984233,-0.0002219883646596309,0.005883835597248872,0.00104599105379828,-0.008625623237685898,0.002539039773633621,-0.003864698368666823,0.003467732938481022,-0.0007184486275290891,-0.002573937457126876,0.003192185805477012,0.0009631139865920613,0.003438810504986712,0.002776546254588808,-0.005283730426306928,-0.002556615399324441,-0.008447466505066371,-0.002948682931384753,0.0004743737527820996,-0.0005826568518935529,0.002657901957066184,0.0005512540736788095,-0.0008976190163143085,-0.0001504165795673736,0.002874523178597794,0.001107104670918576,7.58180556275033e-5,-0.00408519740354431,0.0066149539157593,-0.01002073249835135,0.0007132456283419567,0.003440476721076083,-0.001195227871905367,0.001740949963372743,-0.001657268240588568,0.0006431609175765041,0.002544214937430285,-0.002439495077770417,0.002936501239529473,-0.001975273711774671,0.002332054363676516,-0.001694574755732175,-0.0006221180464751389,0.005852980493069474,0.0002045346457031214,0.001518482680922969,-0.004570775282558066,-7.313127343049298e-5,-0.00151432828063913,0.003688601141163102,-0.001460635068018129,-0.0009751819407377113,0.00439366740969868,0.001413763206468291,-0.0001471950517603196,-0.003890614174965398,0.004068104868639199,-0.001239957000185491,0.003836811508150905,0.001582357561783608,-0.001623088248884925,0.003640278930365118,0.004794609141996628,-0.00270397293108325,-0.001398390978898246,0.001185867056462679,0.003109844116225453
(4,),-0.0007334890168018159,0.0009254566473258449,0.002572550781863195,0.07291769888077801,0.003358768221218195,0.001674215504359003,-0.002562195231524452,-0.006665232257398236,-0.002872474507461997,-0.004081034908293917,0.002278851097357103,-0.002978063250574742,-0.004954721019050147,0.005606235539673896,0.001843749370050682,-0.001375125297519042,-0.004982458595286046,-0.009223010894901983,-0.00283597999320258,-0.002521348972783355,0.0009961613912742018,1.142702663848931e-5,-0.002867066116778521,0.003808501538026096,-0.0008642115125922516,0.001505032061481153,0.002985669588954788,-0.001069823902564742,-0.0001484277155891807,-0.00248205480742025,0.0004473983779584758,0.0004389299237116454,0.001181769852127812,-0.001210438361262185,0.00342405787066859,-0.004174181406910148,0.008318957667006608,-0.002259705294651482,-0.002470143382182343,0.003592858577309658,0.002389540597685513,0.002099623057047466,-0.002353776634389742,-0.0005642116255655148,-0.0004695913182124139,0.001021032951893995,0.00397645978420287,-0.007446185610900463,0.005658371854586374,0.003795757172712709,0.008212508599399385,-0.003079448310422308,-0.002068117606201123,0.00704444260322416,-0.0006494409418506179,0.0009807907628424893,0.0006530635271622061,-0.002061735260633513,0.0007463822520858273,0.002935762675996795,0.0007931029001524222,0.005599936277187693,-0.002240634063370041,0.004204864942751903,0.0007670041381779017,0.00458866856626475,0.004696009834374982,-0.002458072603588548,0.001862948761491604,0.003239064380550109,0.004623185706280183,-0.004675944549561219,-0.003565452567236888,0.000472640929437271,-0.0009688125239866932,0.00173337139110071,-0.004388480426628809,-0.001660388055302505,-0.002602019220933233,-0.003451937769858826,-0.001457950693540101,-0.003161538989081581,-0.0007223864943936911,0.002807169203009552,0.003934609139192745,0.007008433642935638,-0.001090591421134335,-0.003887065326426402,-0.0004452646150979317,-0.002103461919688473,0.004284098755446174,-0.002996420978842444,0.003522465505504873,0.003166994518405114,-0.004854671292347242,-0.006327211281675579,-0.001376024833851164,0.0008449475427649865,-0.003609007596029999,-0.004120358852444727
(5,),0.007421252314958851,0.0006915262904161628,-0.006255876927959991,0.003358768221218195,0.08457072019045812,-0.003932204366642096,-0.006666038000260903,0.001721545142071667,0.0006149816716722143,0.003019555890935052,0.004646985431155424,-0.002478510489096479,-0.002962415921878708,0.001829961167290747,0.006411969685390238,0.0007407995369515217,-0.003382228214442535,-0.001449029123865375,0.002110877966463886,-0.002104832034617836,-0.002636978061483182,-0.003555661255159148,-0.004748722393760618,0.003106460840397601,-0.0003380183704842832,0.004897326192778771,-0.0008808808861139271,0.001354496688330817,-0.001934340108788861,-0.005074323688247625,0.006138116958333949,0.001799386937019384,-0.005044661856466792,0.002650659653483291,-0.002186598166935635,-3.589444686414141e-5,-0.0008043885830139625,-0.005811175950656859,-0.001998106054475685,-0.002057179151449544,0.0049418881598048,-0.006746949832234471,-0.003051160758751511,-0.001062625739417215,0.002043315032437941,-0.001042410964103382,-0.003610512675115682,-0.00438345572095968,0.002246522593915413,0.004390127681004074,-0.0001396090917921185,-0.0004142813441768436,0.0004433700390952648,0.003101575302298021,-0.00415276245795773,-0.002664293050037575,-0.001177575496682769,0.007491894056640518,0.005919000608391896,0.002932809643587802,0.001811438534675148,-0.001111316821945782,-0.004367101792502093,-0.0006773681951000622,0.0001666798920628119,0.003820896845821593,-0.006391190444438628,0.004173977323333579,-0.003403185515347704,0.00291787199094207,0.005767364714809936,-0.006283682676752198,-0.007340578364601167,0.006215981582596616,-0.00327141813551465,0.002300879596853736,0.00166734763330971,-0.004912610777251657,0.002422834602857398,5.591032105316115e-5,0.001023977630105294,0.001320068938623438,0.0007765334128518018,9.1300831868496e-5,-0.006672229433132469,0.002553509206458914,-0.0003214564640949571,0.006687656191912953,-0.004915616641648253,-0.005617367327146605,-0.004753291674290233,0.002100254330512902,0.002516625293570602,0.0001147124279085549,0.003827842146680383,0.001270338965637509,0.004780403687394451,0.0005545612810839692,0.003952253339962023,-0.0002914018368517751
(6,),-0.004812477123363418,0.001387753009656233,0.0006989382120392125,0.001674215504359003,-0.003932204366642096,0.07843509986633258,0.005553981196569044,-0.006018817916611924,-0.001162542356252275,0.0006729748042303982,0.001075701943814628,-0.003045165469451473,-0.003026377194748444,-0.0009231486765979413,-0.006778101302029641,0.002341014642927142,0.00178578369881371,-0.003482561790785045,-0.004691948786295049,-0.001063510028878957,0.001940212120388727,0.007815730473857852,0.006302336243217808,-0.005838488745175742,0.0009673430076264295,-0.001470827406315408,0.005143231717835569,0.002301352880802213,-0.000966881212248486,-0.0004280137726095151,0.002972921206623852,-0.0009409468676078289,-0.003185433880023084,-0.00708205794453249,0.00424352186614835,0.003773475251073669,0.004669141900240065,-0.0003528531691155191,-0.003931568666672675,0.005063563039848758,-0.003943070049164405,-0.00923494432905277,0.00504966608773962,-0.0001525173782724908,0.003473135715583124,0.003740440445656905,-0.004306788572046171,0.003960567185224939,0.003275835340732179,-0.00737366635421118,-0.004552393748443675,-0.0001916090465764859,0.00423567218335005,-0.004582403867356266,0.002110466810360338,-0.002281806665680419,-0.002863640699603267,0.0003851061418560272,0.002084407926699808,0.000194870428299905,0.002853366741615756,0.004148046088582692,-0.00473332066041781,-0.002691008765157669,-0.003383512939574232,0.005632710095579628,0.004019251399278518,0.003666251819779798,-0.0008527673446550588,-0.004054344357038506,0.0003661849932845195,0.004821699216142153,0.002617764674269991,-0.00991885083096372,-0.003599750931703257,0.004223136530540695,-0.001491624803693101,0.008321548050333215,-0.003923094306521195,0.005192939926916856,0.001629953841405885,0.004643975140381392,0.003196200913525116,-0.00255315948420394,0.002947543285105388,0.001116391974352058,0.002857656983996587,-0.001590488280191465,0.0004048096929678283,-0.003196423078037103,-6.073392158448746e-5,0.0008035560680767213,0.005130652452440834,-0.002826808384608898,0.00284834678901108,-0.0003806141446499313,-0.000788314827995064,0.002223553138991169,0.001445377748132199,-0.003859511094925077
(7,),0.002854878159650562,-0.001254024727673914,-0.001705697791805704,-0.002562195231524452,-0.006666038000260903,0.005553981196569044,0.08563066604282188,-0.002118480317596919,-0.001660695467279564,0.005478735921465864,-0.00334125891050347,0.00159854680513591,0.006539627731915214,-0.002466587030356711,0.00151395605598527,0.0009200537696242722,0.000107356129096398,-0.004620138136881297,0.0054083574776373,-0.001906339566316822,-0.004109106742436454,0.003024455268657641,0.001557613447738675,-0.001063776124446571,0.0004671089764655079,-0.004301400182145332,0.00657175923641636,-0.0001529702228301513,0.004969403360353977,0.00140348626339385,-0.00629714495495289,0.001779102400677535,-0.002845106144760422,-0.001221795246537551,-0.004436371537863954,0.00269830595077042,0.007657050583014816,-0.0009590756475463843,0.0007672106685082554,0.0004974729622129459,0.0003201513494811536,-0.005553998083348193,0.004852796657443754,-0.002706866053966882,-0.003778581289165726,0.001334450882072533,-0.005963323836372056,0.001842171031985709,-0.001706371026727769,0.000575117494823149,0.002803233126659523,-0.006305795935271471,-0.001902657332168573,-0.001988977098835778,0.004393080171650964,-0.0006798490246983163,-0.000816477537250036,-0.004356203202910691,0.004488271537060479,-0.009398658569388802,-0.000993724252908141,-0.001306627817276101,0.00261382116480058,-0.007209124060825,-0.001104071759690264,-0.005529452610745301,0.003073319738768684,4.970664048142003e-5,-0.004907059633475478,0.003385055713709512,0.01005221952207469,-0.000595799530514112,-0.001421713418516337,-0.006435760539237426,0.000275953116936287,-0.0009448587298171271,-0.001204238609006779,0.0004648817761798404,0.0006041845898851128,-0.005304938105372253,-0.004357212463409888,0.003625047037974508,0.005814359109150484,0.00241301825681362,-0.001843341699179436,-0.001671556668060316,-0.004494566911721897,0.005997211317668133,0.002623867563005501,0.001912411084698645,0.003316241693935642,0.0001318129436077293,0.001573324118476956,0.00621603727076006,3.611257005062504e-5,0.004717917745023774,-0.003361658014526269,0.004970689457882036,0.003699665248452133,-0.003119870703820303
(8,),0.01157204002799451,-0.002261628736601697,0.004386228418897504,-0.006665232257398236,0.001721545142071667,-0.006018817916611924,-0.002118480317596919,0.08454868270089007,-0.004120215883105766,-0.001497439034847874,-0.0003049563216198222,0.00524191707883817,-0.004415775106695342,0.003269432965607905,0.0008374812612544884,-0.001526395608828955,-0.0009095788372615835,0.005098680991681166,0.003633870275482992,0.001205186101927239,0.001393930766899,0.00125986039295619,0.004424638817540535,0.002047506212109084,0.004137125144341613,0.002767142108536211,-0.005799729689194755,0.006528165287415824,-0.002037643194922186,-0.002507867797925895,0.0008983657203307734,0.001497063211164083,-0.00477534515960019,-0.008785632485031837,0.002459447965371165,-0.004165451057389649,-0.0005900642697542744,0.001230835064661773,-0.0007325946896616715,-0.001571232356793081,-0.002940455574261555,-0.0001141688550827461,0.003516439704439721,-0.0008283070758090319,-0.006556990098542976,-0.002783335759955083,0.003762817508508827,-0.006957904923590951,0.002600926037878598,-0.003592319533508196,0.002522316922413994,-0.003474936105922934,-0.002155269267600265,0.001215021893940727,0.006204670656154512,-0.003894133401649846,-0.005430461182036736,0.002829153222530512,0.003887489537190383,0.005077658375330751,-0.004300365973896396,0.003713276887878478,-0.004529752428957324,0.001715234341911387,0.005992691711308692,0.002029416806520203,-0.00283406743552635,7.032539181854439e-7,-0.004483865596843647,-0.00331115961915237,0.003426260855103091,-0.001629294707518557,-0.007991293346685538,-0.0005450629092293852,-0.004321744416401194,-0.003350668159770204,0.0006304165561065989,0.003532216431085485,-0.002748659741992198,-0.004604475117852173,-0.001132250706185437,-0.003919303252831193,-0.005323003560308489,0.005493399519244516,0.0009143874179660636,-0.0012165611251248,0.00412702032107202,0.0007386416140430241,-0.002866359322532411,0.009802823733397886,-0.005952199633430459,-0.005228117938011775,0.002218519978074734,0.000873066873002698,-0.005727730540877255,0.006792463709853609,-0.002376975897355113,0.008302282986795969,0.002811105655135085,0.0002870461153895445
(9,),0.00272183793818523,0.004308886430101888,0.003890138044330512,-0.002872474507461997,0.0006149816716722143,-0.001162542356252275,-0.001660695467279564,-0.004120215883105766,0.07455756323722111,-0.000270086908147245,0.003932718362413573,-0.002940730759951081,0.002625569729291178,-0.004561788611166968,0.0004211021812597156,0.002901846863767827,-0.003143593754684532,-0.001485856040442422,0.001088606005981594,-0.007653530705410625,0.001736187422157534,0.003531082262196013,-0.004757348252327372,-0.005144415400014419,0.004353320029848886,0.002441853245306663,0.002657033911007287,0.001826969218295131,-0.002594925007039829,0.004330150522578678,-0.002029256427480252,0.0079248601471847,-0.0068892579223791,-0.0003710753670678695,-0.001034151905631523,0.00165464485691308,-0.003965816436693136,-4.930323814386545e-5,-0.001068293965034153,0.009104322114382422,-0.00015810504520197,0.001492467343363438,0.0007694628906366914,0.001088177574346935,0.007015104383226278,-0.003470304226272041,-0.00223215120352098,0.003199265294657884,0.003323329886694384,0.0002882977967651822,-0.006655663111933856,-0.005182159688203366,-0.002651460733774582,0.005857437327794755,0.002784135426460265,0.003722622155289139,-0.002392354436333552,0.001301917880316535,-0.003624952359238933,0.005899035286266016,0.001072048616176573,0.008414355586851576,-0.00169966249177296,-0.003576211397087806,-0.003082898766135723,-0.002847981368341687,-0.0006829851670634864,0.003064161545297003,0.002749715289620657,0.0009236168001081765,0.001367021648460696,-0.0002631159813806531,-0.00790227916754568,0.001419160141081398,0.00352693411337488,-0.003486583169254244,0.002975675386629144,-0.000535694907747858,-0.002182005553563329,0.003096673327064416,-0.0008897877737794218,0.001246454977206651,0.0001365138814602145,-0.007271662026817154,-0.002038913889402033,0.0004870264488304397,0.001591273523125974,0.002229161066437174,0.003208592182046045,0.004631185676471638,0.003862556910374867,-0.001559247029547919,-0.009886683858102385,-0.006870435798307288,-0.002035386234586648,0.004500600981565153,-0.004458086105383825,-0.00923352226310585,0.007499785016787186,-0.005014323352358744
(10,),0.001890470241707365,0.007061699583208795,-0.001009417805990197,-0.004081034908293917,0.003019555890935052,0.0006729748042303982,0.005478735921465864,-0.001497439034847874,-0.000270086908147245,0.07403761015176008,-0.003855340895986498,0.005485011575069638,0.0002262179797035906,0.002490664345874423,0.0007201314090194792,-0.0008454524985427128,0.002338850490895082,0.0005837101218843939,0.001395158325264936,0.0005701010151739627,0.003982658600333509,0.002776779670305972,7.334258540954656e-6,0.003334985390759303,0.007536094620590226,-0.004483166545425524,0.001025274594063368,5.883689330860975e-5,0.000342417650695535,-0.000788692757034929,0.003760156168572869,-0.004182278805933243,-0.003059315523966584,0.001891551014753655,0.003067008650153399,-6.797450003885514e-5,-0.0002801031852065815,-0.003742687910948615,0.006193849098294227,0.002771332888438919,-0.004000581545905327,-0.0005573296417069648,-0.004714382991586528,-0.0008154907528504765,-0.004273773823165313,-0.003627338292097586,0.001833716940797694,0.001100671548467015,-0.003956594159749035,0.001512913367133161,0.0002553625485904816,-0.00471963314089818,0.003419191972512809,0.0009820984473485458,0.004266975269486675,0.002747016133480838,-0.0005387467195502155,0.006128888592361567,0.004978026073662368,-0.004168329123358499,0.0003573196191897565,0.003270386298494072,0.002750908603253097,0.006567306001772338,0.001454284358117418,-0.003343129449811648,-0.001816189964703053,-0.001546604550231231,-0.001520852496022777,0.002569308669015172,0.0007740817519295989,0.001526540851275025,0.0008043404899626563,0.0002531260591110832,-0.00338723699502762,0.003841075831205328,0.004519010075094393,0.000642068946738605,-0.001202327035381801,0.001798426879376398,-0.001906189050944789,0.003589022031927636,-0.008919036773656026,0.001443708965289615,0.004234055014012569,0.003816950587307267,0.000415977006364372,0.0017987532263262,0.001632146708928376,0.00174719992060324,0.0003869000912015672,0.004274585259896565,-0.0002874149563923124,-0.0001373384402182011,-0.003055599694946392,-0.001226941468558865,0.0005990745124640851,-0.002237652632912326,-0.001201386973126105,0.001533541899892602
(11,),0.009075085374891365,0.0001669112453121175,-0.002194114720508067,0.002278851097357103,0.004646985431155424,0.001075701943814628,-0.00334125891050347,-0.0003049563216198222,0.003932718362413573,-0.003855340895986498,0.07104835620219785,-0.00269619581525187,0.001153355567269913,-0.001568951035822217,3.227954803376038e-5,0.001774538980360926,-0.005543043431000224,-0.002208133364459749,0.004475942615281142,0.001966542257334252,-0.003172607471372835,0.002703732131556506,0.007141019420046781,-0.003666340989018414,0.00491294948607687,-0.00748627277607806,0.001802943134962295,-0.005103664533686503,0.00455538532557807,-0.002518684798716525,-0.002736539304479415,0.006392090069786782,-0.0008889386711064102,-0.003788134047639558,-0.002708335666154945,0.001094271562028693,-0.004963627889879309,0.00558534145894855,-0.001316781793930346,-0.001025522612373004,-0.007189477408497217,0.005416105583659224,0.0007333819486281385,-0.001457903826915327,-0.00113110379754992,0.002620393832556777,-0.0062956594526764,0.0001196300113446065,0.006180848612452493,-0.004668437967744275,0.002491215913560089,0.005266819886543882,-0.0006435999275738727,3.646325091927751e-6,-0.003693647652726161,-0.00222593443672811,0.001538158709442164,0.002753768749640568,-0.002695405947930641,-0.002039598505209385,0.00693027188369501,-0.003579034440482627,0.0009167257286042418,0.001836215610113899,0.002497247884528175,0.003647044346570553,-0.0003868304926563481,0.004885213027010442,0.00862798855627754,-0.0009604130308018097,-0.0006940439485170764,-0.00399279411565123,0.0005138307757831886,-0.001804095479458364,-0.002898556824168949,-0.003383321120005734,0.003957146804671066,0.0003359256510368586,-0.004755477211588713,0.0006430150255456075,-0.004382775274724693,0.004716038590920494,0.003803452238751178,-0.0004678411160016842,0.0007385715265014854,0.003273313732788795,-0.002369605301258135,0.004486703043868841,-0.0009855537145891588,-0.003806406013764073,-0.004333925052963108,-0.009391165944778455,-0.001106075276941823,-0.004142695056720335,-0.004098399788789207,0.0003015018857745698,0.002981449985033522,-0.008754817254415523,-0.002086349399310097,0.001950500010928276
(12,),0.0003399351885080552,-0.00164396656884428,-0.00151361482846618,-0.002978063250574742,-0.002478510489096479,-0.003045165469451473,0.00159854680513591,0.00524191707883817,-0.002940730759951081,0.005485011575069638,-0.00269619581525187,0.0651768016199409,-0.008742372241132848,-0.004519539497104737,-0.002011272906846836,0.0004248835609257928,0.002776022030105707,0.001027809832481609,-0.0001089226678114861,-0.0006412456514221503,0.007264265677475353,0.00240686983390384,-0.00232824087301473,0.006115435273151095,-0.0009826256661213681,-0.002229689622883248,0.003385124430717039,0.000352359866850478,0.004750920287668029,0.00696492048894062,0.002508760248889044,0.001804298044977651,-0.001659336743469621,0.001298652538204302,0.004073841446415828,-0.00265981373623001,0.003240637433251297,-0.0008131604882898611,0.00165027134483384,-0.003846375166748805,0.002953714788067829,-0.00380825957839957,0.001841871249437119,-0.001942356916483632,0.001999811013107626,0.00187084487884159,0.004101416482323664,-0.003056850632187923,0.001762402874106759,-0.01040837218566456,0.001962712968437768,-0.001092049900155027,-0.005927911300945311,-0.001864594306205097,-0.00258250610000403,0.000258174058838413,0.004147543064120492,-0.003032857213694256,-0.003950516889427221,0.005388108580097372,0.004149774634102816,-0.005750659030936503,-0.00218332345981867,-0.003568162660264371,-0.0005988269340468546,-0.0004541472831875493,-0.0005845692642970031,0.001697418909612496,-0.003374525038158834,0.0002833025875264883,-0.0002679886532351566,-0.00863420856413825,0.004685603657482963,-0.004823530951860468,0.00417482479457224,-0.0004242247323547818,0.004921790283076543,-0.002450903438508644,-0.004219825297514886,0.002455454841698012,-0.003941203991575868,-0.0004435383872335456,0.003960823709917092,0.001868017740754569,-0.003216949580295465,-0.002809997027562133,0.002854580904735201,0.002433039153101238,0.0009774732559430731,0.001702681748895022,0.0006921897349853331,0.0034463673525729,-0.008378541523114938,-0.005933706449529943,-0.003868057907573385,-0.01118513740152449,0.006623933170776342,0.0007585274583397761,0.002346977355261301,-0.00361241644727905
(13,),0.001302848061497469,0.00105201843745214,0.006193520181987625,-0.004954721019050147,-0.002962415921878708,-0.003026377194748444,0.006539627731915214,-0.004415775106695342,0.002625569729291178,0.0002262179797035906,0.001153355567269913,-0.008742372241132848,0.07442531927397701,0.007298755538180391,0.0003123978757697051,-0.0003020631957052702,0.005897305253058407,-0.001090629474514398,0.006796253098707418,0.005025283931972258,-0.001701580812575786,0.001780580995669012,-0.0008097731792380879,0.003068830439507691,0.006957075478184211,-0.003626678134934266,-0.00486112138011823,-7.846067537656693e-5,-0.006084339627280414,0.001256053159091686,-0.0002338121176926314,-0.002610294599590317,0.001248897001690521,0.002524515697495129,-0.001612270566909136,0.0002126432512698717,-0.0006390215930822738,-0.0090906956160542,0.002877590819492796,-0.002248187851248199,-0.0003041588582321668,-0.00353395408503723,-0.003410459378429044,0.00250751180582536,-0.001323730189640579,0.005925165568948339,0.0009186678014758776,0.002149319583563516,0.002051100486355418,0.002395500060092782,-0.005013986042380764,0.0007243301387504049,-0.001112303000960224,-0.0003199115765720376,0.005298793381044237,0.001755301701949656,-0.001659632901014609,-0.005040243148852044,0.001531231195554589,0.001956281416642011,0.002305478823235009,-0.002347159474137855,0.008750583001220134,-0.008332356064653455,0.0005362286521344745,0.001541009063858064,-0.003555618237790108,0.003321428205695186,0.0006383230207265096,0.00228608120858121,-0.002315970122774029,0.003626423256353453,0.002992306871894733,-0.0007193815625328536,0.001231183020542264,0.002574707409053045,-0.002050306631742862,0.0005928933181327283,0.001206956346911219,0.000289162295399072,-0.004533387305415075,-0.003376049701028084,0.004110956636255597,-0.002045577608186966,0.002817924545361653,-0.006129552441817713,-0.002904829313863904,-0.0001108983536895456,-0.008738443695009436,-0.0003759243605301779,0.002339101908413493,0.000604636270638012,-0.0008608406662426809,-0.001236973752569846,-0.004227281199208255,0.002770481798129316,3.218166014134657e-5,0.001101735243749463,0.004318511764395126,0.002455540346176537
(14,),-0.004802098592921949,6.554969302522993e-5,0.001323758907935273,0.005606235539673896,0.001829961167290747,-0.0009231486765979413,-0.002466587030356711,0.003269432965607905,-0.004561788611166968,0.002490664345874423,-0.001568951035822217,-0.004519539497104737,0.007298755538180391,0.06912357373789765,0.0008810940193572244,-0.00632675200815371,-0.002356925522202609,0.0008095097402188935,0.003496475587047315,-0.0001700201146853732,-0.003166043830014304,-0.004428780344759654,0.0001720541014140962,0.004939128938909028,-0.001821125860917571,0.003487624894110937,0.0003989252767766641,0.002974262495100106,-0.008421771780887703,-0.00059948640762523,0.003350884012035369,0.000571456839978194,-0.0009022625033531797,0.00179369079683191,-0.004500837362669593,0.0004011435562585478,-0.003583427637981788,0.004988203323951614,-0.001430313259466234,-8.518946081661487e-5,0.001129996032068929,0.0021727845333913,-0.0051893242285426,-0.002501496964151715,0.002712929054569731,-0.003442052062352294,0.003965557070527455,-0.004072730167566164,0.0001454501707019424,0.004155984180499945,0.004953324313607622,0.0009486444038649118,0.002866359894411504,0.0006310481340668021,-0.002778525330552093,0.001892009780699599,0.004802562587814729,0.002754656762607839,2.986112099395225e-5,-0.0018687135305689,0.002586427623850748,0.002310063328371137,-0.006841483591846952,-0.0003039280953580648,-0.006916351027447519,-0.001607296471241059,-0.001633217160799718,-0.005138264343930212,-0.003489897387003669,-0.0001282570917073358,-0.002382959331243255,0.004842106223181603,5.315377592976941e-5,-0.005059196783486335,-0.003378458352357735,-0.001467994005852125,-0.001121815856780352,0.0006363451553888695,-0.006345475373760586,0.0002130388384632771,0.001923460031495894,0.00191264231163832,-0.002077422061588095,-0.004594736835582671,0.006169237548931296,0.01020176641386626,-0.0005437337792995318,0.0002661060651697961,0.001584306327439416,-0.005062382760324511,-0.006792669535207938,-0.001602751060079317,-0.006512453291700434,0.0003007428360498808,-4.895197101274128e-5,0.001308041952686876,0.002958973868134946,-0.002495103854879462,0.003727129075112232,-0.004987339097466913
(15,),-0.002432477207717,0.003312907635621619,0.003542002972722056,0.001843749370050682,0.006411969685390238,-0.006778101302029641,0.00151395605598527,0.0008374812612544884,0.0004211021812597156,0.0007201314090194792,3.227954803376038e-5,-0.002011272906846836,0.0003123978757697051,0.0008810940193572244,0.07533274012239505,0.0004943736664189517,-0.004308185708583778,0.004382988887738396,-0.008334370089168859,-0.008857250601385168,0.0001403990569787349,0.001617817349281454,0.002436465599220439,-0.0005684364820065736,-0.00535206582683264,0.005596331304914968,-0.001746741420367862,-0.00482581109374753,0.001411348414657877,-0.0008237272921128814,-0.00350191941013439,-0.006056770720684564,4.744841827651784e-5,-0.0003748098856928123,0.00098973325319452,-0.004059074873740701,0.001903656083894332,0.003074403616239201,0.002460456088361596,-0.001895608226035649,0.0009667222612233785,-0.003451670353873084,0.002193897479144246,-0.003379496285285513,-0.005078650182710635,0.0008045239743031897,-0.000878977550612903,0.005202264625231724,0.002166611267418515,-0.003897634961698688,-0.000713883378461754,0.003066724040740485,-0.002836561079911913,-0.003168284787484392,0.00463775126790163,0.004258965068494063,-0.001701814185046221,0.000525869922813988,0.007275839430806947,-0.001346346904054101,0.006556635612827577,-0.001541769292756933,-0.003106761404350122,0.003864145434659612,0.001020939297525176,-0.0004714813922187102,-0.002434885123389614,0.001157563289596907,-0.00789265465405272,0.001839827184155538,-0.004476054630260607,-0.004108599559860356,0.0001391343648336681,-0.007503676955882384,-0.003637269354371489,-0.003938485978454003,0.001804666690464863,0.002212799572260063,-0.003651331508555716,0.001562809624141336,0.00303929710936554,-0.001968169313225762,0.0002927169726921754,0.002513612188560686,-0.007370461596088514,0.002718602535007034,-0.00393860524509216,-0.0006749087343516493,-0.0006387333619257383,-0.005328258505688703,-0.003175437853355002,0.002051216392211757,-0.002928631659796457,0.005944808662048462,-0.00310308807032914,0.008317080815338893,0.001472974817001327,0.003457131282267177,-0.002482478364992452,0.005565536306698744
(16,),-0.004008842831589674,-0.0006923250662816379,-0.006887637340163232,-0.001375125297519042,0.0007407995369515217,0.002341014642927142,0.0009200537696242722,-0.001526395608828955,0.002901846863767827,-0.0008454524985427128,0.001774538980360926,0.0004248835609257928,-0.0003020631957052702,-0.00632675200815371,0.0004943736664189517,0.07511572032289632,0.004275394719409239,-0.0008382836506559448,-0.002946022778856473,-0.0002441978460326628,-0.0008376796192131156,0.003362569630072455,0.003921493299265269,0.001714398578877781,0.001495734557145532,0.002255370551916338,0.0004456624628883258,-0.006687412396719643,-0.001638526731682023,0.001190610931888078,-0.002114101068309272,-0.004423501952992865,0.003078362451685508,-0.001653801212721619,0.009830695389009724,0.002301491979413809,-0.006764205869507624,-0.004861947716315304,0.007196090154727328,-0.001962688268638334,-0.001106067146210679,0.002744783940951586,-0.004923273044392098,-0.002238404816195441,0.004009945584674902,0.002611602335386745,0.004314005645041517,-0.003015916271121219,0.005703162358973035,0.00529194593511295,-0.001075601828752204,-0.003236564512797469,-0.0004507386621777914,0.005303694800788034,0.003585329980775207,-0.0005740658560556221,-0.000306830412961657,0.00391914197591979,0.0007753178084360825,-0.001173090143362988,0.0009569607608359783,-0.009271942258078451,-0.003319624853423246,0.001969120793611979,0.002212925048958362,-0.0006578487281502416,0.003997788022368597,0.004863670590860834,-0.000991260788865687,0.003793738491320786,-0.002473620241184172,0.0005463881991379025,0.002736143416177557,0.005062488305110358,0.006148102889671117,-0.006292291039167171,0.003728791769869717,0.002631660885082014,0.004079695834760738,-0.006503217094381512,0.003236545920487822,2.877827062407441e-5,0.005142490603336788,-0.001511986590189273,-0.001886211268143803,0.001659349022513059,0.0005684684874250618,-0.00705723646351011,-0.0004546345342966413,0.001326121220170146,0.00310961807288018,-0.0004188308604125734,0.00372618747627624,0.004200052471741825,1.170228523251103e-5,-0.001710749093748228,-0.00226645503379678,-0.0006954782128116741,0.001061597226614492,-0.002262643552205428
(17,),0.001953803935808574,0.002131748518359077,-0.000777048562495168,-0.004982458595286046,-0.003382228214442535,0.00178578369881371,0.000107356129096398,-0.0009095788372615835,-0.003143593754684532,0.002338850490895082,-0.005543043431000224,0.002776022030105707,0.005897305253058407,-0.002356925522202609,-0.004308185708583778,0.004275394719409239,0.07535376125757756,0.0002591977458218194,-0.0007695326405459666,0.003456271061208521,0.0007495701108183588,0.002650463686544263,0.005081125955411657,0.001253132006268152,0.003756413722896806,0.001214271259597444,-0.002768667828222368,-0.005201438895809196,0.002793573284913799,-0.002675794750235714,-0.001322200550942282,-0.001206806024165548,0.006782267788184269,-0.001284744130161163,-0.0009863926846966158,0.00121129283372574,-0.002357817242555661,-0.002399222235540266,-8.934078060136936e-5,-0.0005883298302457456,0.006092216263743329,-0.004245722789264508,0.0006191611728570189,0.003450807158346361,0.004994281717689066,-0.002222033794571318,0.002003102577799438,0.002441948744719642,0.003697943401653778,0.002204220589561305,0.0009490029752081624,-0.003220672784782098,-0.0008007370035160281,-0.0005209799707371617,-0.004052770419420113,-1.074711728364809e-5,-0.002180321405847894,0.0002361895982232036,-0.00339741377523854,0.00313526387234289,0.0009231699160605561,-0.009783630936440343,0.0009549741476503827,0.004516044919043631,-0.00106015499989887,0.002173052744738328,0.0007791656914070876,0.001228136715933018,0.001152459381665951,-0.001335357851931933,-0.002686314912893325,-0.001588408729621544,0.003052162315740454,0.006672091518183185,-0.0008103057729620076,-0.0002868389733811138,1.41185714439195e-5,-0.001868575135710692,6.893799328587657e-5,0.002622609755826293,-0.003154234203644825,-0.00550770609192155,0.002948779167719208,-0.003622928019692894,0.003250971776790262,0.004032757395131752,-0.002928748493980135,0.002213195108848926,0.001267443881079843,0.004068790984811593,-0.00114813820306829,-0.0005450356279039721,-0.003429492919534744,0.001431810828052614,-0.002931841603243936,-0.003910174392022517,-0.00151414137952984,0.002246939255477147,-0.003233710299062089,0.005855635865030067
(18,),-0.008276584179105323,-0.005928498005925701,-5.739565635123736e-5,-0.009223010894901983,-0.001449029123865375,-0.003482561790785045,-0.004620138136881297,0.005098680991681166,-0.001485856040442422,0.0005837101218843939,-0.002208133364459749,0.001027809832481609,-0.001090629474514398,0.0008095097402188935,0.004382988887738396,-0.0008382836506559448,0.0002591977458218194,0.08033718044287673,-0.003822996062249847,0.006094936169678833,0.0008081200527270662,0.005143429783272458,0.00438564034408994,0.001078228119503414,0.002854001972354613,-0.008121366627331785,-0.00323151055171956,-0.0008661887099965179,-0.00717593677698036,-0.002686064170477685,0.00435594106949746,-0.00187331756918311,0.002668623018862187,-0.007056387055764482,-0.003380292666831835,-0.007216941649610183,1.098245238566577e-5,-0.003665462739948461,0.002919345255948138,-0.002941220760755063,-0.0008214889911847998,-0.001731776171167672,-0.001395745119525956,0.0007173492298525302,0.001006443773233098,-0.001836476141813917,-0.002914065936194248,-0.001126006570723268,-0.005922579846174288,-0.006165908053817058,-0.007514455389294743,0.0001995341976568323,-0.0032876686206587,0.002121427918443982,-0.00307929029288243,-0.00139833465098115,-0.0003791764695912123,0.0006237268700001874,0.0003128233851437383,-0.0003241406660815638,-0.002940791726225456,-0.0018762262442663,0.001613979915661614,-0.0007086459623742471,-0.004995807555532497,-0.002506395131726504,-0.00528209399709826,0.00310669001891826,-0.001343153537842309,-0.002091248899028507,-0.002294370103267176,0.003200986013723078,0.005109361047002456,-0.001464983484638408,0.004908924727460429,-0.00169167393639326,-0.001747993630573433,-0.003766699730068073,0.002123272391940454,0.0005164632080955994,0.004980131598406263,0.003423846255362001,-0.000199983928297722,0.003108259997207354,0.0002218064676587535,-0.0006464221606905567,0.002632969444318045,0.003710798831236766,-0.002457121222397435,0.002516483081986405,-0.0008230244528303707,-0.003201551482920575,-0.005444248007195038,-0.003253822718718282,0.003387095136540662,-0.003976017295189153,-0.005976487272469855,-0.000935430888219486,0.003953764117320773,0.00863507429127617
