index,1,2,3,4,5,6,7,8,9,10,11,12,13,14,15,16,17,18,19,20,21,22,23,24,25,26,27,28,29,30,31,32,33,34,35,36,37,38,39,40,41,42,43,44,45,46,47,48,49,50,51,52,53,54,55,56,57,58,59,60,61,62,63,64,65,66,67,68,69,70,71,72,73,74,75,76,77,78,79,80,81,82,83,84,85,86,87,88,89,90,91,92,93,94,95,96,97,98,99,100
(1,),0.1571236972163687,0.006149862922601086,0.0126748274580533,0.01356403491158869,0.005609902120101653,0.005912661916407117,-0.002800104017638002,0.008694634007360574,0.005011598417824449,-0.01115385534980943,-0.01144751744940897,0.007503158006876558,0.006817348991817211,-0.004632943350052421,0.01449519521376944,0.008848387366977746,-0.00456675517861339,0.0128402906603435,0.0007938109600266472,0.005543430813486364,-0.000123826804597714,0.006186764547753623,-0.009458608252060383,-0.001501184646769683,0.001926964947944273,-0.002725373907436728,-0.000545310582895571,-0.006089841016973153,-0.01124692743867081,0.003025384726351821,0.001627564496786609,-0.007134579161826247,-0.007864943072373775,-0.01182695172453629,-0.002605828130024214,-0.001024614266004907,0.0034947897723821,-0.004846760506959176,-0.003572615694866429,-0.003853132811100451,0.007870656540926405,-0.02091483932374032,0.003734579523660471,-0.005684126015349629,0.008883936214570974,-0.003982067597426661,0.01003984855999809,0.008540417637617273,0.001517621083164494,0.00849328364577335,-0.00176391347597289,-0.0210932936822244,-0.004309558244125933,-0.001461929850680836,-0.0009765296228507613,0.004310836760873279,0.002128098297019811,0.004184692830875312,-0.002426766705249086,0.003865877284374908,-0.0007372174627827258,-0.01376502566959197,0.003544258167661181,0.002927273579112062,-0.0007941369742011159,-0.006681505451633825,0.009001858981223132,-0.008034537393108426,0.002654372319686473,-0.001977762885361977,-0.008917728837881056,0.01096827103222722,-0.00556482074417149,0.006282839059067037,-0.01492264845298564,-0.001951536664218962,-0.009425523615317094,-0.01128148874401311,0.0108269753020302,0.007524880264345514,-0.005917966824672956,-0.008866240752994584,0.006569078981107304,0.002994943178670279,0.00627113839946722,0.01085946509771192,-0.003100953927699465,-0.0001574382582066185,0.003443081268719324,0.01028271252623003,0.005024565469686987,0.01631666341406694,-0.007790125636668663,-0.007720580873821496,-0.006570942529959673,-0.004372947096043179,-0.001432083209098582,-0.001865356127383733,-0.01049130197613464,0.004373189300354347
(2,),0.006149862922601086,0.1622694004962237,-0.001682849300504373,0.003521000429074199,0.004782007933400815,0.01336973882049103,0.0004482633708477375,-0.01056545231940993,-0.00870999914685373,-0.008938443790984438,-0.006155798856709695,0.00920775758675783,0.007269748900532153,0.001437070576786189,-0.0009053236047000019,-0.01017184051843975,0.00267862625453114,-0.005833388592178101,-0.002251282837627188,-0.01077135325441195,0.006375063950503817,0.006735740425592669,-0.006694375378913154,-0.004510161490644742,-0.006275465658067346,0.01300097211379419,0.006349435022977076,-0.006504085434715595,-0.01589628276898519,-0.008362801802669243,0.00731427152656315,-0.01487061383613219,-0.01203247877785724,0.007670184559550623,-0.008705726317737967,-0.001149928502041967,0.004774519605870342,0.004000090910087241,0.0006523252047669263,0.02140495830218257,-0.007236657121750603,0.00235244739834136,0.007193997542184071,0.003667960398618743,-0.01083406584683168,-0.001823277500536543,-0.008318437082087692,0.000534238196164407,0.01018140594392227,0.003570753096031005,-0.001864905831584347,-0.008041954296213908,-0.003103592224027292,0.00652916323870761,-0.008005369609796174,0.009667473251344691,-0.0002110913865651124,0.0007864813904746353,0.01479993148395166,-0.01195493351607079,0.009223398919427549,0.007378069053084814,0.002889485475527889,0.008969068237515102,-0.005710590789508567,-0.001357394766584921,-0.006877494758300781,-0.001965148564825144,-0.001816644165449382,0.004086369469010712,0.001849459648056243,0.003490469167209121,-0.005544693163121771,-0.006906092850976242,-0.006716850942543663,0.01054217649419426,-0.007030668663743498,0.01261429254105014,-0.001186898937266598,-0.01020694857087281,-0.00678740172045356,0.01121481712674435,0.007592515971360906,-0.01549351502362479,-0.003310616840772494,-0.003135312740179644,-0.0003594225966450263,0.01414368592581551,-0.0050354794990909,-0.00704252047809793,0.002414471336316945,-0.001232789355437284,-0.0146214430424352,0.01744266191695577,-0.01010658683873582,-0.01139190312421809,-0.007114167555897153,0.0008388398805366751,0.0004605912274937782,0.02368902783206301
(3,),0.0126748274580533,-0.001682849300504373,0.1731851706708949,-0.006442971504075278,0.01873401556409058,-0.008240771662149217,-0.008122101955783608,-0.001953876850508516,-0.004303121346050708,-0.001959718241119072,-0.001163912825887306,0.011836931934635,0.006214391318280493,0.009841765653131508,0.01145014719568068,0.01180723996639206,0.008427922498675987,0.002608280125844482,0.008512659206383808,-0.002726931472205462,0.004389990002260722,-0.006787445583995593,-0.00630816032970005,0.0006682918509495358,-0.003704023178055715,0.002373359687176657,0.001633369148634394,-0.01236564664551169,-0.005885890010834539,0.001035187999946893,-0.001075784492604536,0.008540697720994358,0.01129093845346119,-0.003347493763961643,0.00175414350174187,0.007650139627770739,-0.01022891877403076,-0.005266457737316798,-0.0046835593348286,-0.004750028118561881,0.01060514252534283,-0.006353937021028526,-0.01491388996605011,-0.0003667993044454404,0.004086776430772787,-0.002131952367355067,-0.001714096280419182,-0.01314020625606195,-0.006695396054833213,-0.004182264532170948,0.01550151127042113,0.001949040975671027,0.002757045865837165,-0.0139329945274457,-0.01001982327215876,-0.01527294956551077,0.01306246167343235,0.004450056579545376,-0.01462105067387368,0.009289302333570903,0.0159615656191024,0.004035660368136805,0.008706054270414909,0.01246984235606383,0.003905676344138368,0.0031251843713493,0.00885312801128444,0.006563356559927127,0.01701087573938838,-0.006114065137999768,-0.007420343181291071,0.01450229611897796,0.01439009903003711,-0.009001775640402273,-0.001538005247045537,0.001177245494784279,-0.00540482653294422,0.00905000855512681,-0.002803135021680305,-0.01352026642410464,-0.005803037796510974,-0.01122273493030984,-0.004529015198224861,0.01561710843721369,0.009210368088345168,-0.009628139668139052,0.004921235840534399,0.0098260601081646,0.01358159881004853,-0.00328878637764822,0.004860687102554145,-0.01187590716971676,0.006030350652650384,-0.01312392546763551,0.003773874030330137,-0.003500112959327379,0.002713020506602115,0.01010954559993886,0.01585720925017674,0.008032289493944567
(4,),0.01356403491158869,0.003521000429074199,-0.006442971504075278,0.1342881675755388,0.002234581547698384,-0.01807563176362079,-0.01222001571043399,-0.0005738010753886492,-0.0127299126627035,-0.008738147876752214,0.000639520893170336,0.01368189880688209,-0.01347739106258404,0.009159107052695585,0.01048378642498288,0.0003769844064201486,-0.005457316984027834,0.00973621686015156,0.00722500739418843,-0.01590087883885913,-0.01743173565760152,0.004448449493148414,-0.005238088030008081,0.01608832312838292,0.006895616225272806,-0.001049495734071401,0.007163842201390672,0.005428337824634392,-0.001876432393214268,-0.01142519679726892,0.008893850609067515,-0.004627809399126767,-0.001699750949447816,0.008503726722993318,0.009419550613077338,0.0005026982301062812,-0.01480602449365221,0.003494889219150202,0.009793863828334557,-0.004323001511424206,0.006165678206701733,0.0111818609119158,0.005189081167839138,0.01372091595759589,0.001857490337259955,0.007454951151359086,-0.003077409544560903,-0.01273081489877659,-0.01051717678771004,0.006865100570528415,0.001537299171453918,0.008017295402095719,-0.002504880603930464,-0.006369453035439966,0.005030206881850901,-0.001691161514997077,0.01798087952141855,-0.005133730985122434,0.01909493770522103,-0.01141785770434951,-0.003312906450278088,0.007808732318940224,-0.006408481075307467,-0.008834334775531541,0.0003418683004609474,0.01089214045731479,0.01143212588963723,0.008102038740029042,-0.00181762065296516,-0.007156502819767012,-0.01458869292707337,-0.0060681076785369,-0.003723505368982884,-0.006657487654183766,0.00756277984419668,0.01730143615077672,0.01246195185021323,-0.002376940331352265,0.006349239008815346,0.002993974286482893,0.007480474374214833,0.007757449937880839,-0.01324198685204415,-0.008902266953915598,0.00996809045784925,-0.009122819174250436,0.005335880341170019,-0.01025998315388312,0.003853718486303412,0.007046460476180199,0.003086668705540674,-0.00191856303015598,-0.006637855758106168,0.01333969870733805,-0.006161495187453361,0.007014981081756591,0.005852490874995658,-0.01607964398070895,-0.009187497113625449,-0.002295466022782568
(5,),0.005609902120101653,0.004782007933400815,0.01873401556409058,0.002234581547698384,0.1599225461837318,0.002087413116460969,-0.003545397205233537,0.007063842012552845,0.001142076174311757,-0.01497138695983234,0.01332765870748703,0.008075808646114482,0.009381029792470639,-0.01212565432084163,0.002086210294921047,0.01062621964790491,0.003890054141122593,0.00168989896630745,-0.009644622776430644,0.005906144091748361,0.01026805455684202,0.01076981535719208,-0.003937534840490344,-0.020936901063178,0.002522672692411704,-0.002238756360996843,-0.001572628046290932,-0.01172343482252155,-0.01411735713278799,-0.001710935443939869,0.005054772880589779,-0.01344408960877401,0.016573291781818,-0.007590460852507436,0.004324963790748865,0.008777412842698267,0.008217634409906832,0.008804934363014643,-0.0019448278173751,0.008561325435046436,-0.008756300449389803,0.02098544908795903,0.01184956103256807,-0.01083560668154329,0.006704574795632656,-0.0008279232748349939,-0.00974563057801315,-0.00832959933760009,-0.001810013642603859,-0.006775090025632347,-0.002388487611635664,-0.01087843381631592,-0.005485018239172239,-0.0004297890113411849,-0.003297064792037468,0.01047634038737676,-0.00570321834198078,0.01832518335418742,-0.01555757696098793,0.0002672334695657276,-0.007629378372289455,-0.002086452632646107,0.01588681558263325,-0.01271091892859789,0.007454771167697241,0.0006771730467826401,0.004594927947038393,0.002807402209775529,0.003925295495644868,0.005450865460060531,-0.006948256147458701,0.002192932776787873,0.01736844393456713,0.005659030763170004,0.004093654312652949,0.01118277948722459,0.01843464381880038,0.004973722102555506,0.006954004225110492,0.003264791369716855,-0.006384224097580988,0.001650525870779014,-0.009966918381183016,0.0162492134599934,-0.02007487672478017,0.007843029433361372,-0.004837210727019538,-0.008891157213804578,0.002439446824872207,-0.005774258989408878,0.009720207539905787,-0.008464664514953563,0.004341172642441615,0.004453624524727831,0.004089142469050757,0.007685766280809152,-0.0002415759986329802,0.00685694829082505,-0.01133194402094239,0.007529879711230615
(6,),0.005912661916407117,0.01336973882049103,-0.008240771662149217,-0.01807563176362079,0.002087413116460969,0.1597732921778398,0.0100346042116101,0.01280938846570806,0.0045915443997213,0.002150413532438875,0.01259764430353045,0.004582932379568179,0.00874708579545488,-0.00238361437571492,-0.00312514549568351,0.006898804370306431,-0.002168699578391077,0.01259554253041646,0.0002157148779309867,0.007958606252209443,-0.007937587226321156,7.97524275603975e-5,-0.01498981692688084,0.01445172254740302,-0.009331240878714534,-0.003478494136016746,-0.003460930338625363,-0.003074675787885735,0.009100366896198813,0.006126326300412223,-0.0006848515102043352,0.01309542159767594,0.001438350996866361,0.01268150087524412,-0.01324746830817368,0.00478808918083367,0.001903968636929526,-0.0061740683163496,0.001016129400731205,0.001673783623667837,-0.007416532109223526,0.01816225516366734,-0.0009055505270671857,-0.007397431422120867,-0.007308065586897288,-0.010367854355462,-0.003748863310023247,0.002340051480261653,-0.006689141586941068,-0.006016842691535512,-0.01298509795901611,-0.0003992811515052351,-0.006031130477726212,-0.0043184480162356,0.0002074975101339145,0.002488497633360624,0.002951015558826163,-0.00344772288154493,-0.004523148374075183,0.005052438643482324,0.009726904562326309,0.003278081669606992,-0.004355347131345465,0.00707038472294525,-0.003582338214379608,-0.001214192349238643,0.01259488680402482,-0.01139356752116333,0.001681117210356462,0.001518518583276399,-0.004931115528501879,-0.008113317232386476,0.006196098553115154,-0.01159301521563327,-0.00783068958719271,-0.01476755312480626,0.003539248773015524,0.006250144691666959,-0.004536004681641093,0.001025863189951751,0.01331257379316239,-0.004230511061632159,-0.007698640894471748,0.01387245269989112,-0.01008687919372773,0.00652178754646668,0.003881128321429161,-0.003622194040560624,0.00389837610763714,-0.0005955790947634354,0.008372614563964549,-0.004692352632467776,0.003546567933033437,0.01396602121247988,0.00272062271875734,0.007378730207204577,0.003100034095437386,0.003295945164812769,0.002353032697373789,-0.005471072915594816
(7,),-0.002800104017638002,0.0004482633708477375,-0.008122101955783608,-0.01222001571043399,-0.003545397205233537,0.0100346042116101,0.1773135403740534,-0.003009055945697016,0.001603512829160088,0.01171912276498334,0.00394692996815897,0.004388059479907647,0.0008376738337486188,-0.007446874113533278,-0.008760948459884444,0.01272963153613463,0.01170532001928646,0.001018495555466493,0.008414866407315886,0.01109937338385883,0.003094394732390179,-0.001335124946840226,0.00892933639126298,0.005572930950766109,-0.02101334298169203,0.006106836589898478,-0.01575803810795669,-0.0004181200839735695,-0.002778905820649069,-0.003376284394607782,0.003174378110858278,3.855466316694437e-5,0.005875084797284667,-0.02377759266689631,0.0008375389343376286,0.01127454027266803,0.01059371574834856,1.370447916252153e-5,-0.01343873313995365,-0.01006764133688009,0.004354586821713325,-0.004149839508923645,-0.001435296410635428,0.005023233405564701,0.005501203089421866,-0.0009880446153062348,-0.003786672947424606,-0.001327383058130792,-0.003497929597393948,0.007724892328829303,-0.003928214686931321,0.0002960705387576899,-0.000837674305983872,-0.004388369527275681,0.005430660530460783,0.0009475402731294359,-0.005342376896032007,0.001437956908018317,0.007351666039734271,-0.01079544129581472,0.001128353426953746,0.003066463081331024,-0.01056105838120798,-0.01903434673921343,0.0009552627702461621,0.005676096904963295,-0.01554476586260423,-0.01049051755708855,-0.009744979140046964,0.01316707650971317,0.001382171103181665,-0.006144831190341155,-0.009779154044092759,0.01114589747404101,0.0006695185431482687,0.01947290267445792,0.005181336335826126,0.01059904876060152,0.01151534863613257,-0.005698992355577513,-0.0114620352789686,0.003653946265555828,0.002816982415302855,0.001337477220715987,0.002552561521623367,0.01097369432378398,0.009185192879613162,0.002184344657285528,0.001324016724331268,0.01064765354397813,0.005880996388480404,-0.008306641658618396,0.004928940290194401,-0.001247124578730081,0.01266590523791338,-0.004821487892467523,0.005059253693352705,-0.00860199920729601,-0.0116911024590062,-0.008264675251744825
(8,),0.008694634007360574,-0.01056545231940993,-0.001953876850508516,-0.0005738010753886492,0.007063842012552845,0.01280938846570806,-0.003009055945697016,0.1624405772434341,-0.01046355991932363,-0.0009148112854372498,-0.002926207876040319,0.002834048619537786,0.007958530993929323,0.006810734428495983,-0.003982732073699282,-0.00737243707292713,-0.0001048167433802365,0.005767039948614786,0.009080616705822633,0.003692574284573082,-0.0006670103324216262,-0.00871202550810108,-0.006856771573068068,-6.96312702656795e-5,0.006933176550088873,-0.007690308937810495,0.004440332523846209,-0.002202795093694589,0.01966223138792584,-0.01350796402781681,0.01124195019459375,-0.009834590470849279,-0.0005309341485437028,-0.007197285044795864,-0.007977020203576084,0.006135425923133313,0.00135908256879567,-0.003708896303702444,0.01221453931241341,-0.0002192931299871224,-0.009197127966254914,0.01401059649794625,-0.006905062771430243,-0.003135792709164833,-0.003186331550933497,-0.004796303788427284,0.002990149100018944,-0.002730038349035878,-0.006043079643837724,0.01689117032017582,-0.007531254599759543,-0.01207996136728414,0.009817529378625348,-0.006951198389458611,0.01230626757362934,0.008014337434822386,-0.0008845476213378274,-0.004910046954657115,-0.01754100860562864,-0.008537928880847305,0.00153340619320928,0.00573743616456029,0.02097654845921741,-0.003892082820877489,0.003639144967990086,-0.0002744156479721763,0.005665653451748045,-0.009837010729888157,0.01292255593007999,-0.01292462033876663,0.006822561690340456,-0.003052276252216627,-0.0009919903639114386,-0.01657213740770362,-0.01436823121785648,-0.01267675654318756,0.0057210968834722,0.000485235289271966,0.00615525519214449,-0.01341468094005628,-0.0004774476506323234,-0.006709442563071096,-0.002978123295560872,-0.009588515914107296,-0.002052228761950955,-0.002874633116008907,-0.0009296192476116935,0.008994160702995512,-0.006637463265620695,0.005003278767007202,0.004465681577818683,0.01297171655231308,-0.01308406084172441,-0.006866285776005891,0.004073014008539592,-0.007360881800596391,0.006589198405002145,0.004056851415071802,0.005917056258153669,-0.000131332399587866
(9,),0.005011598417824449,-0.00870999914685373,-0.004303121346050708,-0.0127299126627035,0.001142076174311757,0.0045915443997213,0.001603512829160088,-0.01046355991932363,0.1688480416780954,0.006935300649000579,0.01332997669842389,0.01175420281021364,-0.001315506955299775,0.008327333673785776,0.004053447363167641,0.008565589724447424,-0.01003593040173996,-0.02092778611804786,-0.01288850313442706,-0.006758087609333146,0.002462219655060163,-0.003979122208079923,-0.009420758633049416,0.0107866881825982,0.0005869318439364274,0.007031490569137375,0.006421802709560463,-0.005650256285445251,0.004022281698462925,0.008353525695972175,-0.007568552720985581,0.005320195424132794,-0.003966007673123443,-0.008942467147945792,0.005040127894479992,-0.0036247419327915,0.003957245384005827,-0.01127969116562379,-0.01165667680650923,-0.01834479329672589,0.0114040384043281,0.01346232595514989,-0.002244881672300635,-0.00341828555449043,-0.0009169218696259086,-0.006506438216964813,0.001343220195558342,-0.01361431138661924,-0.002106006255302597,0.0001181341526447747,-0.008223340295945365,0.00901136649645123,0.002294436310495597,-0.01308402714537301,0.006768393844668715,-0.005306274216225795,0.01323313068486179,-0.003484786753565274,-0.01355812005665098,-0.00477910170522775,-0.004016571169523081,-0.00642433238936548,0.006942875532379888,0.005846427745272061,-0.001551777448147699,0.002685815316790254,0.007512765801981861,-0.0002370534309388097,0.003430076522182755,0.009737968472361186,0.01815871624038275,-0.005302246905106282,0.009137362391568062,-0.005205435367465304,0.001843198314496423,0.01533503486184955,0.01093199108977626,0.0007959407807810123,-0.002946699098819789,0.003949810161122339,0.00894473377430222,-0.005519069581244389,0.01518005564457984,-0.008585672958992872,-0.004026531042480153,0.01414979996031827,-0.0068918526968832,-0.009663159477139523,0.004190688573252503,0.004623697746185138,-0.009227844897416553,-0.007022879335907089,0.008947767890317582,-0.003401060720345879,0.01312236105566477,0.0008862179658986908,-0.009422042738639034,0.003369090508998297,-0.008638960425127708,-0.01360994393888044
(10,),-0.01115385534980943,-0.008938443790984438,-0.001959718241119072,-0.008738147876752214,-0.01497138695983234,0.002150413532438875,0.01171912276498334,-0.0009148112854372498,0.006935300649000579,0.147603663858992,-0.01582957567705985,0.02091901660216087,-0.0001458701204247023,-0.01240138267466609,-0.002484996008955849,0.004522084015665791,0.002284691249075026,-0.0164044505849673,-0.004067997739880978,-0.007379413778639912,0.01801373613404587,0.0006208951639906275,0.001159240255051574,-0.008075506163551193,0.0002550072826934877,-0.01314223250111428,0.0008982343033302237,0.008537519658244713,0.004237900038432483,-0.005487663403338948,0.004705360160690931,-0.008541583194344542,0.01113859752680358,0.005371304664650807,-0.003978367430887549,-0.01072512653794365,-0.008892968024918211,-0.0001553488736193545,-0.0009159957302674425,0.002060089872277008,-0.005841255455453355,0.004655432005241255,-0.00496619538807829,-0.009910658765919293,0.01475663109197208,-0.008529598889480364,-0.008849010840258423,0.004351436483434795,-0.002062453041061899,-0.006317163686343527,0.01847284164470494,0.00359794913743924,-0.001547582685084835,0.003565822113462371,-0.00975982877175994,0.002401084399472159,-0.008096435152280982,-0.002881299841299633,0.01154782310533639,0.008512826131369838,0.002738335185028539,0.004355406377695324,0.009963653146137518,0.002731229828118544,-0.003931093588758496,0.003141235151220085,-0.01008526246514153,0.008719414951353142,-0.00267185230278929,-0.003615921969104167,0.007545877606010909,-0.003191850727408083,-0.0003420627585302448,0.0001180948878558637,0.006695226082457606,-0.00686306896542189,0.00799371003693312,-0.007074224805117533,0.001540303067228325,0.0003057455272146624,-0.001434912807721162,-0.004739938022936754,-0.001479251921065223,-0.01209768356826578,0.01523283124722528,0.01226012602207365,-0.01632553171160679,0.008047861400827605,-0.009426390797481463,0.01114159174617112,-0.001943511794567158,-0.001495008455795688,-0.001556194322116427,0.01118857197969706,-0.009125339846912727,2.987430363560528e-5,-0.008013040184378184,-0.002209936218461344,-0.01196316840654283,0.003166602205323525
(11,),-0.01144751744940897,-0.006155798856709695,-0.001163912825887306,0.000639520893170336,0.01332765870748703,0.01259764430353045,0.00394692996815897,-0.002926207876040319,0.01332997669842389,-0.01582957567705985,0.1622850975260688,-0.01069216261724097,-0.01242815311334036,0.007923276701404433,-0.001364271730051702,0.003523504459776262,0.009566534921889032,0.008619420816066507,0.00370070232843971,0.01086784163257942,-0.02008570793875583,0.002326800663063123,0.001633245727844983,0.0005719162624594611,-0.01607657858359227,0.005845124114447084,-0.002148354510792404,-0.006097812707984361,0.001854589213680469,-0.01075941446600212,0.006922082583723534,-0.002750217168241285,-0.0008630514232869771,-0.003927877126385782,-0.003991970153718482,0.009118753105242862,-0.006150705980183436,0.01027969663969784,0.01459930236086059,0.002260323973887535,0.00805290310061757,-0.01113843855454509,-0.005121149701052818,-0.004023258594172018,0.001309967097548258,-0.0007988005543572167,-0.01695710889897363,-0.00262441431507079,-0.01187746218304624,0.00228510721136047,-0.002209574852811228,0.002824836880140111,-0.0132755471727769,-0.002266997850572381,0.00253150467289942,0.007516001207439327,0.01499285522164486,0.005108973350189413,0.01081279621042676,-0.002676387945065351,-0.009093468949306665,-0.01128503553310646,0.01516728627777345,-0.004281273405707772,0.0146068386312041,0.007190969866438855,-0.00717070023164588,0.003104321612107666,-0.003064132971497989,0.004743556288195245,-0.0002357907463066957,-0.005735232860115416,0.01104851664976664,0.0003568635536887035,-0.0004847353782792969,0.001333216697780458,-0.005991701805668836,0.008922504503987586,0.01028249047219509,-0.006828434551375199,0.006294456755175546,0.006504304344358143,0.000980245316103303,0.003541483785364089,-0.001948990612936297,0.006766707507334962,-0.001431021314216364,0.0005968943544576404,-0.0003465269629318192,-0.005158372711829258,-0.01001143902263709,0.00657516747891639,0.01124623397612497,-0.006496646729125839,0.003300240521240759,0.01391863056195837,0.003245626630176272,0.001507066563829339,-0.008685148903187175,-0.006947153303980736
(12,),0.007503158006876558,0.00920775758675783,0.011836931934635,0.01368189880688209,0.008075808646114482,0.004582932379568179,0.004388059479907647,0.002834048619537786,0.01175420281021364,0.02091901660216087,-0.01069216261724097,0.1530799089950894,-0.004282410739384582,-0.0004910833291916483,-0.003312031031040922,-0.0068683718050912,-0.009067806921048582,-0.01506655594210129,-0.005313618012216065,0.005416757979454426,0.004228413387388125,0.009248863466913787,-0.01303164782920958,0.02066595940447653,0.003053510766510452,-0.005388043663664662,-0.007248433512413699,0.003964370563963945,0.01542404630998434,-0.004519137126264181,-0.0003374282943009153,0.009254612428698288,-0.002481469840092668,0.0008755696828728084,-0.009001213474282375,0.003599775548827906,0.007090787005457871,0.01594820388021025,0.0002209595946569425,0.01253426893825545,-0.01692929971326481,0.006628350495089945,0.002602404625499635,0.007513907930555383,0.008960848329579186,0.01811465854538101,-0.008592283672352867,0.01292837041219848,0.01844692925059654,-0.001213301186254663,0.01416466527524785,-0.006720996796587669,0.00346707766671585,-0.005997209819674795,0.001344779860708649,0.0150094608912318,-0.003820945041940653,0.0007904806987983182,0.009882642947110817,-0.0006839665839578047,0.02027331609827923,-0.0108730392007502,0.003795177198188734,0.004608499621140008,0.01229329629701817,0.005731349636331325,-0.00238657470560486,0.002586436081850435,-3.945332432370035e-5,0.005314353124831962,0.01040761456244794,0.0111387200915039,-0.01126662989444563,0.003719691466498226,0.0003895403666949695,-0.0003417178963710846,-0.01165467857810187,0.009008598051303128,-0.0003524677245342433,-0.001646016989482626,0.01439135874137297,0.009725080661760439,0.003903812518186156,0.0005839527357876956,-0.007126860210430278,0.007634668582254849,-0.002948395470215511,0.00781163174161123,0.008924049894542112,0.01286596158038769,-0.01345485859493929,-0.002885415738258379,0.008359794304378904,0.00717199353518044,-0.006618579208059812,0.004436212269599461,0.004078386197808783,-0.0111626965955178,-0.006140912222067864,-0.0006815054854382076
(13,),0.006817348991817211,0.007269748900532153,0.006214391318280493,-0.01347739106258404,0.009381029792470639,0.00874708579545488,0.0008376738337486188,0.007958530993929323,-0.001315506955299775,-0.0001458701204247023,-0.01242815311334036,-0.004282410739384582,0.1560072853904982,0.0004224517068079535,-0.003663920215397216,-0.0006028177110690739,0.007348434339239845,-0.009736821372315371,-0.0002619388842356375,0.004164036659942417,0.01106112656665443,0.005208678125803208,-0.002443187947311972,-0.004772327135999063,0.0003503427872052752,-0.002503078240419639,-0.005249891302858586,0.01601516093577757,-0.001384432244612624,-0.003998329339708573,0.001808205742165477,0.009557621806935541,-0.01603637736644439,0.01140274457050352,0.01269354746665883,0.01424557805670819,-0.01572519904277534,-0.007314236516280524,0.01193775592999743,-0.01773962275162034,0.01316565015666951,0.0009098365384561166,-0.003728223373881154,0.01750623667764796,0.01556204890661836,-0.0120712470797778,-0.003732592132335828,0.002019444400032638,-0.006435858581500656,0.004876714771676035,-0.01063907813670619,-0.003281168391963075,-0.01006192289539342,-0.01174656848845817,-0.003933796709764201,0.0005086110440651165,0.0006268596617420032,0.0006598633267212578,-0.0003540483122534249,0.0111087749073978,0.003185673021456449,0.002436211346323646,0.002076379598548962,-0.001946418765519352,0.006627984515022436,0.00770309851480044,0.001746778839112942,-0.004952874554771607,0.01397698775790178,-0.01312515708439366,0.009812392031435283,-0.002768008865166035,0.006731023228736193,0.004546454508876033,-0.002261053068571183,0.008098796125771655,-0.01103281956314833,0.003943718944396202,-0.005852157706445697,-0.003202944003733914,0.008416029787632291,0.006685516144049973,-0.003763683645126759,0.0120411079970524,-0.01006618806331885,-0.002144926255450662,0.0004194350725921736,0.0003047682727230642,0.01114379298947354,-0.0001567891105574457,0.01271868230922338,-0.0004926676395263473,-0.003974763775161774,-0.0154769784457475,0.009696570036497917,4.34946358705208e-5,-0.005840543052140873,-0.001023851141702374,-0.00104067275279967,-0.007997314526491437
(14,),-0.004632943350052421,0.001437070576786189,0.009841765653131508,0.009159107052695585,-0.01212565432084163,-0.00238361437571492,-0.007446874113533278,0.006810734428495983,0.008327333673785776,-0.01240138267466609,0.007923276701404433,-0.0004910833291916483,0.0004224517068079535,0.1518808739128799,0.002987307014991879,0.0008759351822070812,0.01334857931110904,0.0124387836994198,0.007599578996959577,0.001549804719392177,-0.0005437720405765665,0.01421480982944451,0.0001704926749798637,-0.009606534843637307,0.009694589333033497,0.01214163342346724,0.008174926207204763,0.01771015853754269,0.004811593053900306,-0.006009965832632531,-0.01675598202707315,-0.001827611707482877,-0.008327732172444096,-0.005535297592559364,0.008672966109034477,-0.01849348800723963,0.01883206328219182,0.003738620860318418,-0.01179326375404397,0.001794029110116845,0.001907376253168066,0.007323141222272003,-0.01189162442157944,0.007091928172511218,0.00795580258778256,-0.0006207963129614439,-0.005523097008444227,-0.002132690461097464,0.01899281502926469,-0.008145369901307518,-0.01416967536421969,0.001907414843641326,-0.001624353207559165,0.01411747815305949,-0.001709892210004708,0.009156046723484164,-0.002861931122782854,-3.100642331016414e-5,0.009615020984964086,-0.001745436017629367,0.0001914215467844161,0.009770095335552304,-0.00146566792319252,0.01262158239486497,-0.00552782706936183,-0.01776840843185014,0.009276240859751237,-0.01062966314220491,-0.00990590029542874,-0.008005237716878007,-0.00531581884083446,0.002368113277582799,0.00463343645834659,0.003378402877540872,0.007324229482488597,-0.006588757781908566,-0.009751124580244476,0.009966644373606334,-0.01002973021024504,0.005448748268999007,0.01967218045921549,0.01289457521617145,0.002924043358382109,-0.01725998707006985,-0.002059464440576351,0.002139172914676914,-0.01237885508598542,0.008671160564195299,-0.002336417673944114,0.004585133364052273,0.008691704596129876,-0.001044497157986786,0.008372477598447683,0.009143610779524438,-0.00719871489107041,-0.003113807786900459,-0.0009765646504949783,0.01000593042606007,0.004539834697744313,-0.008365389224284047
(15,),0.01449519521376944,-0.0009053236047000019,0.01145014719568068,0.01048378642498288,0.002086210294921047,-0.00312514549568351,-0.008760948459884444,-0.003982732073699282,0.004053447363167641,-0.002484996008955849,-0.001364271730051702,-0.003312031031040922,-0.003663920215397216,0.002987307014991879,0.1558181131058544,-0.00806629645317181,-0.009165468493705862,0.004797397833783329,-0.001686036845549503,-0.01360103451869417,0.005323224487514034,-0.008292377929890744,-0.008878209125506017,-0.02032610523498255,-4.076477645881249e-5,0.01764681716635001,-0.004082152524907409,0.004759183791926793,0.01034103019825934,0.01183211199732799,-0.01141513127066607,-0.005803036539953146,0.0006635428532448015,0.005022178936125592,-0.006415816985069968,0.01348832382174735,-0.006111159138387873,-0.003584555677179788,0.007295742789833416,-0.001174404704937131,0.004694162628707822,0.00498174697669554,0.005860747896564013,-0.004474974704610824,0.003375589695377762,-0.003414536134042866,-0.00183605860024446,-0.003075489386746769,0.005284680867163738,0.0097021587035101,0.002412499363215084,0.002916307864442687,0.006827596151627362,0.01042945784587595,-0.006623878337037569,-0.004166764200944639,-0.01333851582578711,0.01517116746692274,0.01980976049216852,-0.006630644971029716,0.0104967672665055,-5.629422318340864e-5,0.01233492806156574,0.01213497841335923,0.001795343027553097,-0.00909087493264097,0.005123661745390955,-0.005053408474387682,-0.006640697737492204,-0.004223056646028459,0.001799972685689732,-0.01024568275466849,-0.002399026963119731,0.005768102102286995,0.004442014620395109,-0.002272110934284966,-0.006957738248279679,-0.01352666288676431,0.003964300975102423,-0.001892987535224165,-0.01115575676012498,0.008933285150472318,-0.004639336327592746,-0.001091500264872943,-0.01002374280265228,-0.01300670510610684,0.002996011213570381,0.005131524662232144,0.001728524176530857,-0.00598112296583804,-0.02139954562277151,0.008241890313014907,-0.004413641999770236,0.009630841992176776,-0.00932587220868927,0.004036788548901825,-0.001405115358058888,0.007372046558054433,0.000662018934422776,-0.007305420455687302
(16,),0.008848387366977746,-0.01017184051843975,0.01180723996639206,0.0003769844064201486,0.01062621964790491,0.006898804370306431,0.01272963153613463,-0.00737243707292713,0.008565589724447424,0.004522084015665791,0.003523504459776262,-0.0068683718050912,-0.0006028177110690739,0.0008759351822070812,-0.00806629645317181,0.1707701601000699,-0.006150267241324061,-0.003098570403393269,0.0003660708356714029,0.002486203948947216,-0.002302132327383299,0.01149225110542039,-0.0002722160458073084,-0.01561572172967092,-0.002432165774750196,0.01288916434436682,-0.001707757120876255,-0.01175305511998666,-0.006999194292746527,0.003299652479298391,-0.001953007189010463,-0.01754484984555293,-0.003400211590537168,0.009384654093949467,-0.0008293438192603128,-0.0001587774908156131,-0.01949643583500638,0.004602374919078993,-0.00621787603302135,-8.103150668956866e-5,-0.00140903848494441,0.007797760262504141,0.007079598348361912,0.00798713509905126,0.0007110870155425709,-0.00554514036408445,0.003407911073390296,-0.003847678216745911,-0.00783653775425861,0.007051247883558872,-0.002029328554429944,-0.01153151159856226,-0.01514260021668058,0.0001275379832277939,0.004476153804233792,0.005984010055614579,-0.0097417085935853,-0.002626495172613685,0.0008944071314723642,-0.003192288790803817,-0.002940382243566227,-0.008148650872717132,-0.001445699679076975,-0.01025967228375478,-0.002659910924539181,-0.008443563579625732,0.002000696769974092,0.01111977452079731,0.007222298319410693,-0.004683737785011926,-0.006999331427575133,-0.007023200333663904,-0.00300286479885989,-0.006280022236734868,-0.007310159653545244,-0.002261519406144775,0.001633901471764923,0.007699879001827729,-0.008334126844730717,0.01026965485497071,0.003836393758029443,0.0004339094310433791,-0.01516331434643723,-0.004629209727514285,-0.001178467976760544,-0.006795119099308578,-0.00672093055618574,0.003876428795098143,-0.0006537585914574458,-0.003517492140814006,0.005916636178774757,0.009164316304072962,-0.004526206732518596,-0.01420851661201559,0.01376648206302114,-0.001920812928348056,0.01050798515820801,-0.003121320875968971,-0.002760514074308407,0.00487281297195969
(17,),-0.00456675517861339,0.00267862625453114,0.008427922498675987,-0.005457316984027834,0.003890054141122593,-0.002168699578391077,0.01170532001928646,-0.0001048167433802365,-0.01003593040173996,0.002284691249075026,0.009566534921889032,-0.009067806921048582,0.007348434339239845,0.01334857931110904,-0.009165468493705862,-0.006150267241324061,0.1555398237046936,0.01407726455798616,0.004781102510158819,-0.004535107454531922,-0.001971373935749552,-0.01038986897336094,-0.009431276579139666,0.0004616555427815105,0.01166800252769524,-0.01184745899102317,0.01183528718936205,0.005054809709216148,0.01189266870554275,-0.00704716288169685,-0.01408349022183786,0.0005537419105828308,-0.003522247147611925,0.003389756084592436,0.001213878562856173,0.003301261820005438,0.009353595883575773,0.003554781155020856,0.004933600662884374,0.004220207654777935,0.0007440037329197382,-0.004217207124047723,0.007938314243615364,0.003730357776317876,-0.007690516283623437,-0.007752145850938858,0.01598829845091775,-0.002342666774506533,0.000500647191992727,-0.001282516976792086,-0.001521559731032944,-0.01623763129015685,-0.005620963100963628,-0.002144314962608548,-0.01957142549738065,-0.002298848851895733,-0.007133125957490572,0.001987237232488009,0.007740821833080423,-0.005967209411297665,0.002863070537227273,0.01328547568193733,-0.002879010580723868,0.003962758392206289,-0.01123880643889464,-0.007829877935289647,-0.007793417092385945,-0.005612164467517715,0.001538793822474326,-0.002758112520600629,0.01622424423489128,-0.004522739712707232,0.01236585039940098,-0.0063760127042212,0.005025870501230717,0.0001185380094386064,-1.760500009087145e-5,-0.004697400111419415,-0.01319762634417247,0.007532874001711932,-0.01068048552639256,-0.007449066176000474,0.01134937147445245,-0.007467596508690864,-0.006434916722911993,0.007573653752428893,-0.001418653702570273,0.01153068372686225,0.003401483818803015,0.0007853630611517161,0.006212311354150916,-0.005538335877917154,-0.00441952086447329,-0.004444576859270099,0.0004470676669972758,0.0008729551124783167,0.00975967082682164,0.02001011446046122,0.007767163688122302,0.007280689526605688
(18,),0.0128402906603435,-0.005833388592178101,0.002608280125844482,0.00973621686015156,0.00168989896630745,0.01259554253041646,0.001018495555466493,0.005767039948614786,-0.02092778611804786,-0.0164044505849673,0.008619420816066507,-0.01506655594210129,-0.009736821372315371,0.0124387836994198,0.004797397833783329,-0.003098570403393269,0.01407726455798616,0.1607852803854045,-0.002522688174101393,-0.01718894349150586,-0.009709675529918195,0.009914628601364061,-0.004061338690853081,-0.002892535323362709,-0.005080032442425018,0.008250155345269086,-0.003485124540590815,0.01864306893909798,-0.007056738446908848,0.004569122901512125,-0.008663080029273847,0.002223135627670025,-0.004381615402689375,-0.001088129436738648,-0.008423857507085672,-0.004272787337930724,0.007738863494667495,-0.002067915486002149,-0.006402569208857208,0.004696466891041769,0.004208389460893987,0.0092415216716157,-0.004701717940350045,0.002259836979461216,-0.008805710374796862,-0.002321165294464542,-0.009811460201834054,0.01711432574719567,-0.001747271585331387,-0.00553421206416912,0.001887727994634879,0.002062774562266245,0.01145442655554393,0.01332574665833164,0.00818102901487326,0.0002536893224993005,-0.007865860912459973,-0.01160013703444083,0.002975833465001851,7.145097852762354e-5,-0.007571331373682903,-0.001151553650166707,0.001661778868602507,0.01393342400037288,0.002124141343926953,0.0003563338346242664,-0.01993695169962991,-0.01513400172419104,0.001607834297531715,0.01009290345545483,-0.002728886710945068,-0.007014780839361781,0.007081624296750347,-0.02009512365707215,0.004296242708692812,0.003234564943646102,-0.01843512362934348,0.01105106041928263,-0.00116619208032405,-0.00687273842972471,-0.001826581643237502,-0.005684226379865888,-0.007080887984534526,0.0002742410190772124,-0.001841718807882213,-0.002460052219360917,-0.006318896440461058,-0.01073356351623871,0.006268129741791008,0.004741536168245537,-0.0009082637823483117,-0.01290714080651558,0.009488398741512733,-0.01393895293560798,0.002769686394385608,-0.006611405713552033,0.00953370727715784,-0.008495240537043171,0.0001057893783893953,0.008642867534221969
