index,1,2,3,4,5,6,7,8,9,10,11,12,13,14,15,16,17,18,19,20,21,22,23,24,25,26,27,28,29,30,31,32,33,34,35,36,37,38,39,40,41,42,43,44,45,46,47,48,49,50,51,52,53,54,55,56,57,58,59,60,61,62,63,64,65,66,67,68,69,70,71,72,73,74,75,76,77,78,79,80,81,82,83,84,85,86,87,88,89,90,91,92,93,94,95,96,97,98,99,100
(1,),0.188382448463405,-0.007013502645085909,-0.005958599103294214,-0.004914540369636281,0.009189313291585845,0.01780158883038712,-0.0008063668928233364,-0.005921120399330767,-0.001782801748391815,0.002360370828911677,-0.004089423644779557,0.01321255636308512,-0.003811338432002625,0.004556297137879541,-0.005558600455163244,0.0006980965929066026,-0.01348804053440903,-0.008261364484380803,-0.004551776993590994,0.004444429317011882,-0.002406432850788206,-0.007481475187696163,0.01679716768114693,0.003919506838796381,0.004866304193477947,0.002904993175851012,0.00265736559149699,-0.01343607070471898,0.005559989346174639,0.0003913766449261222,0.006704133173126233,-0.006102440149873953,-0.0102116685067506,-0.006692052731773505,-0.0036709077850506,0.002887223171901692,-0.009339302021959463,-0.01175706240499717,-0.004389513141584542,-0.008336341434662043,-0.0008998613749963793,-0.005754075564862416,-0.009593603696424214,-0.005389461635771845,0.01357382401787165,-0.0111050021221513,-0.001574627939367256,-0.008128469895151669,-0.009411534956507515,-0.004493490854614027,0.008250122775344159,-0.003993221863248852,-0.00354164715656442,-0.001718169131907391,0.0006561493445850564,-0.008697739871517726,0.009269690235101533,-0.005738085543708709,0.006736669194329531,-0.004409878444617602,0.00838466104512992,-0.005114375107478905,-0.004326463133861532,-0.01668902878024843,0.001040929164630208,0.003513674266815354,-0.0009964687655033113,-0.01234668402080059,-0.007084007543111808,0.004701410170433673,0.00392351077044638,-0.005392023367887626,-0.00312121882974675,-0.01383621816274331,0.002773368635899917,-0.01310790223292933,0.008788868229537209,0.002602038350482732,0.01337967366964725,-0.003165818272763501,-0.008421316162465393,0.001002391827746402,-0.007819070144026578,0.001405620383199035,0.0175497526913977,0.004468677934189263,-0.008189107411726883,0.00727741250689396,0.009230422680262449,-0.007743867146505335,-0.0001595227050762129,-0.00134634906735203,0.004892587411724489,0.0105084540358591,0.009148551522233966,0.004437121182121816,0.00437948239423675,0.001874205160100536,-0.001223377669736439,0.01599043315881154
(2,),-0.007013502645085909,0.1661826350555395,0.01206369363668052,0.008612943389933644,0.00739871453063631,0.01849026460773812,0.007694055070429497,0.0004407795599429231,-0.002334926887438279,-0.01097563233092444,-0.005624387242915092,-0.01173598136551087,-0.01069495735108539,-0.002625544728635046,-0.009562821773735252,0.006500425023409012,0.0003193358675597928,0.002774178001523049,-0.01613837562944601,0.01027725118748105,-0.007717570592044372,0.006037198045363193,-0.001959911971971191,0.005185779547945719,0.003930092398280837,-0.0001262519672107827,-0.001664977995119453,-0.003828189837097759,-0.0003349800388436654,-0.0005810841754208565,0.004988890513761902,-0.005372846291223646,-0.002057851607738495,-0.008565143365325783,0.001195574124531624,0.004584324923311338,0.0001065423889704375,0.002734097997516825,0.007424068466993227,0.01407339873125706,0.01269646873382942,-0.003648936447027133,-0.004976613047812379,-0.007374150380754683,-0.001767830341628784,0.001429311397456668,0.01300810721645913,0.002823335016759312,-0.008372980385592851,0.006332147154703623,0.003236066320150278,-0.0007531146519813241,-0.004005547086899739,0.0003805895561466683,0.004072887497783705,0.005404831964285324,0.01022964197614378,0.005903909169170695,0.01463525510977627,-0.01154841456978185,0.009027598846223022,0.006732693714096358,-0.002591775942712556,0.006669733344613666,-0.01315796781668338,0.008759762238866589,0.006946518522683985,0.004110586375873742,-0.01007619525067891,-0.003325249643629599,-0.00557572659971096,0.01379171186161281,0.00400272479377292,-0.0007457120112254034,0.002665418117125454,-0.003135036447514186,0.00826355539148858,0.003921973194379679,-0.006363360062373639,-0.007143462061706073,-0.002721943622555583,0.0008721701661861346,0.01587185238086861,-0.00127053111689903,-0.0009956922691306586,-0.00320595691965399,0.002847290710508352,-0.001097372562311872,0.01047320520802071,0.01039904181182828,0.001164476538660789,-0.01086731540106565,-0.006533924447823486,0.006405594345850653,-0.002439222024280391,0.008400468884093492,-0.01172212041883347,-0.002298498428553576,-0.0009076869623797798,-0.007967262947817104
(3,),-0.005958599103294214,0.01206369363668052,0.1879476544690657,-0.01070344717800265,-0.01189318207409992,0.01129422735614123,0.007158920097370368,0.003792608105856072,0.0046254299832525,0.01040864939016028,0.00393161902467384,0.0008513867179016715,0.008407177848235615,0.006890229907070168,0.0103381380838868,-0.0124085310272145,-0.01223994327127801,-0.006037054207989005,-0.0009526279754735795,0.009010514734802756,0.01266304220778024,-0.006629494698955145,0.01561126980288985,-0.004275972722299019,0.004814567484495739,0.01471039101497812,-0.01749703123649905,-0.007202846541592766,-0.002166265919216128,-0.001873378729134679,0.001207743884925231,0.0006916020358875194,0.01154182244124118,-0.008613093461066918,-0.005729442705281832,0.00319759799534629,-0.000197625969033169,0.002847901796993801,-0.0143302351854833,-0.008813071304643675,-0.0005635744452643701,0.006700230050840302,0.007721904534383293,-0.008299775306902065,0.001881094168775561,-0.003197606801282008,-0.001744189550854614,-0.001926295778785768,-0.002542161943605519,-0.009054989512842514,-0.003190153477740564,0.003828646808429482,-0.005649198240071851,-0.01090565329031591,0.001939431553824151,-0.02055321155101826,-6.958609508710316e-5,0.008389740480293121,-0.001268217953433134,0.001247534086596118,0.01024893817935623,-0.008664139337113977,0.01274653072468819,-0.01149341885815145,0.003527075190076899,-0.006183116020639427,-0.001030301223035877,0.006433620710950507,-0.006650187458592742,-0.006130292638108343,0.0007050163644277284,0.002025465508642481,-0.009309240073450666,0.005754169701570276,0.008886748704674124,0.008811063772159195,0.004104225873889466,0.01262697446324855,0.007221742962959473,-0.005653261451168083,-0.001619417519242301,0.006198527789817479,-0.001441227577841254,-0.005473744360265216,-0.006212715295192528,-0.0006058438848467974,0.0006945070724060491,-0.01409309491527781,-0.001164067968072861,-0.003840284777021046,-0.01115183291112612,-0.003541917707293076,-0.0006214476706273282,0.01132361197448915,0.009369647636594303,-0.001302751034068861,0.00376547159304335,0.005982141891611266,0.001935591801920645,0.004978022854355012
(4,),-0.004914540369636281,0.008612943389933644,-0.01070344717800265,0.1747651307322348,-0.0123140245633282,-0.01653819104910249,-0.01132173668112773,0.007441126670863465,0.0005424999545540159,-0.005779856936642792,-0.001560639790654494,0.01890766666234,0.00098407557699513,0.009424775853873378,-0.003885497066857102,-0.00752920893353515,0.000118296209261432,-0.00888275779861964,-0.01465639318462881,-0.009897653471615657,0.0001934341211619399,-0.0126293737725744,-0.00335116298105766,0.003871364345015975,0.003361048012429151,0.002723763182949847,-0.004950438391452436,0.0007504548757091901,0.006507825943228787,-0.007909029964917734,-0.0008025884060988821,-0.01085874417681632,0.01153711778548989,0.008134836629713652,0.004004663928267425,-0.00954902835920706,-0.001209999088187879,0.006574305393126159,0.01342317478589362,-0.002700916565263597,-0.006912425540603197,-0.0007787050080358148,-0.002937928794303505,0.000514013026059924,-0.002120734642070687,0.001626045720619475,0.004892582856148332,0.001766416306977815,-0.01049609456852074,-0.01296122301877957,-0.002029230390598108,-0.005898011882802943,-0.007329502696127498,0.006554751097065197,-0.00155136898179122,0.004426352750812447,0.01306817988480657,0.009296268791741107,-0.002257806553369455,-0.006406152651903652,-0.001276451936233715,0.007174831765654347,0.007638464719486723,-0.01179749017431119,-0.00479568027622195,0.005389291052709844,-0.008599116735458795,0.003759102967372395,-0.02070079672259216,-0.0006190374765286187,0.007377490765372599,0.001782642637450191,0.01132906724140586,0.002652983475253799,0.01185782425406302,-0.007921689906259351,-0.01345309964831999,0.00536193895992682,0.002355354193213559,-0.01244671887979209,0.01195917473394525,-0.005666991191275924,-0.003129377686056959,0.01099814329017826,0.001088307803412784,0.01144778501609328,0.004716279448674702,0.005843441100680666,0.003963082148931398,-0.002673230428208627,-0.005683719651656926,0.008941924338390576,0.007951661654691942,-0.0170411183604982,-0.0006686875430307397,0.002804478651233146,0.003788857666660123,0.004380009529838665,0.00711536487567988,-0.006325190499229682
(5,),0.009189313291585845,0.00739871453063631,-0.01189318207409992,-0.0123140245633282,0.1912473619688091,0.002041110996980647,0.003757950913205326,-0.003544714493851038,0.00102884344188828,-0.01031954540073929,0.008290351528929246,0.004248542839571528,-0.02074710042486777,0.002307482275312387,0.003564499810548222,-0.01510272488916758,0.004943106037732434,-0.002965766231620904,0.001609925884955125,-0.007320095855529318,-0.01434452838377848,0.0009692677491832316,-0.001088391847577616,-0.005915862368575955,0.01084427712189403,-0.005894127010249646,-0.007094465955197317,-0.007349829017065812,-0.002659820957884215,0.005897855846906339,0.009505961546996398,0.005499145196931147,0.002022870284908361,-0.002252585814581379,0.002771462074266062,-0.003260302402055335,0.002306670636392791,-0.007482189024126283,-0.009945832694635746,-0.005855144859540169,-0.007720092632056173,0.008051595965149878,-0.002670685385609526,0.001082148558826281,0.006557404822319915,0.007587272853616782,0.000975490017853017,-0.005907364838032171,-0.004100263082447386,-0.0002492437419881474,0.01689079417077172,0.003705585164174699,-0.0036794295867334,0.01530884143178306,0.01186997726933673,0.01037538606952661,0.0117207403256972,0.00281764554887624,0.002928478947745595,0.004969811708463844,0.0004312030245465958,-0.00671118779977036,0.0008794272150769521,-0.007041705222230194,-0.01630540849036986,-0.00134039836261714,-0.01148082521876179,0.01043785876251824,0.00829384626896498,0.01035846060574799,0.0008972713753280211,0.003057263709986231,0.008327751966430735,-0.01698850719796072,0.001458632020267051,0.001963622610315239,-0.006879644296944165,-0.001363895582708933,-0.006883850402783907,0.00712207630859682,-0.005430762709127989,0.004823835354065231,0.007500017597235016,0.01369375469206217,-0.007460661311053208,0.00019053996707546,0.005259657293305763,-0.001940830278691971,0.009202436887960366,-0.01038916532259769,-0.01726660619368977,0.008606710194669225,0.01002239925619752,-0.01046985932728823,-0.007062780709458275,0.004588768846347947,0.0005888229690227608,0.005339213054362394,0.006814182277346831,0.001847245941368919
(6,),0.01780158883038712,0.01849026460773812,0.01129422735614123,-0.01653819104910249,0.002041110996980647,0.1739870151792578,0.00792660202090739,-0.009408318989854975,-0.001250976101157757,-0.003152376623698975,0.01540465575854338,-0.005166129690157282,-0.0149313136138613,0.005581697132028584,-0.01255553844027537,0.007347982386216685,0.01031702807994782,0.01179601821443295,-0.01632999005158944,-0.003110049299903018,-0.02009732790223857,-0.0006882908918861882,0.01368963436194964,0.01034492749671733,0.005344556406258033,-0.003986802814525515,0.01203789582005073,-0.005018207445397632,0.007871369480067957,0.005419969830376589,0.01113702526650493,-0.003393001679088147,-0.008988689930278744,0.0010062182448226,0.004077851036161298,-0.009430707787753491,-0.002226894449963465,0.006749748623879703,0.008676707107491759,0.01819879675566813,0.001434464440031724,-0.01055629440174954,-0.004768793001361976,0.01340055819109968,0.006689079103219191,0.006881091442999653,0.00962172347918453,0.004544630102220261,0.002871187476652793,-0.00955910665100524,0.00649184266207542,-0.007889576567133487,0.01870824244295398,-0.005224776304442269,-0.01657603276709809,-0.001724230855594883,-0.002500039792633495,-0.004606739437921356,-0.003327782908223884,-0.01114212329332404,0.005660862269970986,-0.00716813807445217,0.0087777589073001,0.006095255498304388,0.0003092228110923502,-0.0090146797454052,-0.01140294582300917,0.003852899399146077,0.005831731270023537,0.003379215671693104,-0.01132272689856629,-0.0167750741881974,0.01018693888102629,-0.003975163318034639,-0.007282899279124431,-0.007578049379429978,-0.001618798051737522,-9.67868152979547e-5,0.004304901872558426,0.002829064078995019,-0.0008329151285252781,-0.003875818496844847,-0.01108983529150431,0.004943133823983162,0.004957236822434043,-0.004270135095392499,-0.003130406670947752,0.001925730906379822,-0.00934680944255622,-0.01481133605237596,0.0009952609523405636,-0.001098203425395929,0.008904534202650478,0.002681351419434222,-0.00110699132877225,0.003049055861797581,0.002510971612141727,0.001364366052120344,-0.009541483691447215,0.00963403563144638
(7,),-0.0008063668928233364,0.007694055070429497,0.007158920097370368,-0.01132173668112773,0.003757950913205326,0.00792660202090739,0.175215359266409,0.00111846734995822,-0.0008225152051824908,-0.006432982732719906,-0.0130702104364696,0.002605766568619436,-0.002348266666393535,-0.01420625493953195,-0.0003206740536871321,0.002414183527025632,0.00894213459986654,-0.00892782106405085,0.002382765870747132,0.000343615403962633,0.005132743556534076,0.005069484363240583,-0.009125356729388516,0.00102709476594995,0.006311794820361573,-0.01801160173874183,-0.004496207061876598,0.01476059995975974,-0.0106876070011516,-0.009837079622470695,0.0004258247881697229,0.00237482219114432,0.01030922748828341,0.01757296745167233,-0.01174028292515923,0.006149967859260521,0.01114855171933532,0.003470387504264408,0.002153820179262562,-0.003464450092552833,-0.005491635753991857,0.002242266042113994,-0.00179346431679345,-0.008634629047489004,0.0125166963216269,0.005074901341821115,0.01068227840058878,0.01596217818732911,0.007257123301059099,0.006003334716929031,-0.001097899293433588,-0.004774589098537267,0.001604946181239879,-0.01111940840443492,-0.004683927512535835,0.01001460923865095,-0.001731647969259723,-0.01139247486348002,-0.004310885079726282,0.005547200236842575,0.01248776530900068,0.008800910363230871,-0.003425141541524003,-0.006642551307754143,-0.009561526315008975,0.0008155693103635669,0.001629628364072606,-0.0134329434254826,-0.006167578244020509,-0.002812696137273222,-0.0009090532997005211,0.002192442806661,-0.0003980775803512963,0.007769023201700918,0.01359786342514319,0.01733058950177773,0.01571183456816268,-0.005764474524945393,-0.008542027563110574,0.006427029930633459,0.006710356220121503,0.005262864279484979,0.009271516677993741,-0.006794753839770732,-0.009903414415215703,0.005882452444698059,0.001715292054002817,-0.004554639837811453,0.002737037828984166,-0.001087920439679139,0.01113074641381071,-0.002471998519345637,-0.003902243597185222,0.00639802563456362,0.002858086399474989,0.009576112069694262,-0.0151054683773126,-0.0009586781024365461,0.007001570662772379,0.01284390316998216
(8,),-0.005921120399330767,0.0004407795599429231,0.003792608105856072,0.007441126670863465,-0.003544714493851038,-0.009408318989854975,0.00111846734995822,0.168147389865714,-0.0002502057053046041,0.00387819999132585,-0.000377440848382109,0.008327229362403456,-0.005565685761468307,-0.005605771886609288,-0.01608502952683922,0.005384465266060064,-0.005040826749775486,0.005089253550354089,0.003287667843312366,-0.007808342672422421,-0.007707396641643092,0.004112776593149771,0.01001854175905518,-0.002809789073520716,-0.007376554658546539,-0.005343605349149555,0.005228741338017715,-0.007673703574477579,-0.001760807147894288,-0.001614476737101517,0.006094950049007987,0.003634234277115485,-0.0003946014412439906,-0.01216663523998056,0.01678695671097989,-0.00481909990060018,-0.002932791812181247,-0.008922287497546495,0.01283203897014559,-0.005089192774393414,-0.005036684355306389,0.002164075910158918,-0.003205099920071036,-0.007153380730235736,0.001060546424328138,-0.01292770561859477,0.01121478764595641,-0.007576193453958173,-0.005432303414409609,0.01110690215928981,-0.00200471290508243,0.01104933276392224,-0.001651207642257185,-0.01079739636271354,-0.009801240941307885,-0.01309147910434732,-0.007821470745399557,-0.0008258398903467289,-0.004256732576060637,0.01245939851447167,0.01314177899058441,-0.007930808247362236,-0.00432879429018113,0.01196756652387884,0.006512022310749861,-0.005410874160609739,-0.009656032077359083,0.002523007543954456,-0.01186361873886897,-0.004935181362729526,-0.01017671555877561,-0.0001639053176734036,0.008477972286978358,-0.002631196197759762,0.001497208687349703,0.01165263957261505,0.003602192507107087,-0.01018237763523496,-6.334865023322029e-5,-0.02135583488272065,-0.002010162608497896,0.009278428632296718,-0.009982928369702385,0.006683989277379907,-0.0006017059512262597,-0.01015523734670424,0.002602187485110016,-0.01002454031640965,-0.01106065674098866,-0.004408427935124295,-0.002291983555261721,-0.01231831741938627,0.001982114194846637,0.01186286541984946,0.003438041260235322,-0.002252341815692624,0.003441153114181676,-0.01588287685842933,-0.0006721170668188485,0.006854994825280347
(9,),-0.001782801748391815,-0.002334926887438279,0.0046254299832525,0.0005424999545540159,0.00102884344188828,-0.001250976101157757,-0.0008225152051824908,-0.0002502057053046041,0.1495050368706441,-0.001714453314468684,-0.01454915600226895,0.005859193822902464,-0.006203555940925769,-0.01302126859202307,-0.002387969776643185,0.0108401962616639,0.003823116294416346,-0.003827229548013884,-0.005128002832734129,-0.00351962381233599,0.007609981942397925,-0.01236213154023185,-0.003542089648608428,0.002256587218818483,0.000370027118145794,0.008509607459204347,0.001082032479465975,-0.003538817147752673,-0.002732389700337184,-0.002947926600949412,0.00217944619145367,0.004896090093717961,-0.00946397605564743,-0.0146837171067814,0.01807769546817153,-0.007205176103644259,-0.007057716142001309,0.004147944167501633,-0.006286706962186169,-0.001072383365642504,-0.003813785669071938,-0.003862684968758526,0.009766860217385724,0.01519405669026713,-0.01141952462249041,0.01280077074380395,-0.001053488561374112,0.003431397795647711,0.006753414508877191,-0.01300473162319413,-0.001856047709987005,0.006291037599147043,-0.004019933516730594,-0.007653862810407619,-0.0001157073683698276,-0.003936732020238715,-0.01421651578456872,0.01049250147021196,-2.401921994018483e-5,0.00069204118133079,-0.0003100043140570513,-0.006388029647826516,-0.000752339569617449,0.005627658816664305,-0.002492405039681692,0.01704159026461865,0.002272603910722717,-0.005878026294074834,-0.005909297289633916,-0.004709693859688073,0.004602289616347082,-0.0009329242480276963,-0.006153207679009422,0.008558367068513605,-0.01295496344643817,-0.00813923167308201,-0.01367670071900915,-0.01052127211197887,0.009055687195809348,-0.0051988384819073,-0.007450215868203883,0.01532309286122143,0.002928887779047161,0.01137881698965124,-0.006540373967977548,-0.01473232143689714,-0.006208549105916681,-0.001667338702716694,0.002342049632793951,-0.008614943722550464,0.0008148514955361401,-0.00688957475205468,-0.00669314778411532,0.007195720732156149,0.02031381032581014,0.005169543809175704,0.002427429015536093,-0.003745369869130047,0.002052807394356277,0.003761299315222304
(10,),0.002360370828911677,-0.01097563233092444,0.01040864939016028,-0.005779856936642792,-0.01031954540073929,-0.003152376623698975,-0.006432982732719906,0.00387819999132585,-0.001714453314468684,0.1736437684523893,0.002816900270126042,0.001389166068387432,0.02197523924428568,-0.005238247141393773,-0.01057419532478236,0.009207550336940165,-0.01699244611896113,-0.002865767579610071,-0.001793759354305457,-0.004335229423429217,0.006400818178203258,-0.005623681213884355,0.007063577026448145,0.003053445929702966,0.01089809274248024,0.002376808136793284,0.007561628630796319,0.003626547866107107,0.0001454321212967161,0.004825448255727826,0.005773665852297525,0.01834124543720136,0.008183276647466887,-0.004456189945024524,0.002092718340929083,-0.007736875794667644,-0.005044574664571699,-0.000806457095658404,-0.0007063737171142898,0.01586559561700943,0.01246847584353621,0.005601045973699336,-0.009937687116097018,-0.002012209983872783,0.001563576221818597,-0.009958036083141528,-0.00275391379595469,0.00376659064834411,0.01190035879642015,0.001239737898414855,0.004057256694823415,0.002269750857532004,0.0097085133005234,-0.01143936863300157,-0.001099380141279495,-0.006001605731748192,-0.01333212066643581,0.01267762615072358,-0.004659583290101485,-0.003772168248985027,0.001802145174449828,0.007036898280349625,-0.004488707127507425,-0.004658303862863597,-0.01077897347499339,-0.005443470546213459,-0.000551338285370202,0.00212668202281221,0.01071358138972194,-0.0001760731232216926,0.003538415820152021,0.01221898127626645,-0.00231692302812193,0.01571676619709183,-0.004702188185611805,-0.007335198194668021,0.0004072234864910033,0.001354851843125426,0.007315782110224091,-0.001607043048715667,-0.007552514599833327,0.01032549053960897,0.001344268698556865,-0.001200798430056361,0.009332493705384005,-0.004559856313421691,-0.0180649386646766,0.007854636415403297,-0.008959425962759627,-0.004320004525737359,-0.00577834808650972,0.007465931427070876,0.01111076214277874,-0.01790004804960438,0.008814755926511392,0.003548072244985215,-0.006543801176659568,-0.009909190048145552,-0.005620701798359805,-0.002625198413283143
(11,),-0.004089423644779557,-0.005624387242915092,0.00393161902467384,-0.001560639790654494,0.008290351528929246,0.01540465575854338,-0.0130702104364696,-0.000377440848382109,-0.01454915600226895,0.002816900270126042,0.1723107003671057,0.00791292962251452,-0.0006537662322710862,-0.01913324548320851,0.007281552866808994,0.00625130020990413,-0.005212108886958462,-0.002585355621780767,0.004132295917939635,-0.02096973619323678,-0.002890667030830522,0.00210304677194204,-0.002888817251915484,0.005899217480841914,0.003977280831854524,0.003152821161030829,0.0108245804859746,-0.01711975482353333,-0.007857708959729672,-0.007877512324221056,0.002005177561757726,-0.001158519953411303,-0.006155389775821648,-0.01299233075785021,-0.01042279135284619,-0.01070938464748904,-0.004413906331702583,0.0009919524114750016,0.004926474485326156,-0.0002239606215216207,-0.006929237220383501,-0.01969434214787966,-0.01489920429926612,-0.007548592665254074,-0.005731024022168147,0.0008590378209244903,-0.001712786464124313,0.002749408632583664,-0.0079408239602075,0.01019992714875292,-0.01277865630638348,-0.0008468652583395629,-0.01272316122616084,-0.007564744193716649,0.002742733303129579,-0.001818948878876188,0.002608709764118058,-0.001431264304778419,-0.01120685939273611,-0.002621809778420806,0.00362291885041898,0.008254928304862857,0.00261404147398946,-0.01779067741738112,0.003917805781718207,0.009267442664833817,0.00467325245869161,-0.004401481538690652,0.001051423656579573,0.002217112648861224,0.008844186502062,0.01483653248550133,-0.007618611651478752,-0.00430277274534977,-0.009968179656933503,0.0003201108869517256,0.004682267360443222,-0.003345243364249781,-0.0004621527682759196,-0.01427272205361853,0.002856093310629947,0.004752865524835119,0.00645351460930139,-0.01397333211587984,-0.004350942855018008,0.002856128586919902,-0.003465031054799175,-0.00974955777921428,0.001656248988106523,-0.01750102907874618,0.01875611748257738,-0.01347873281357878,0.006800086632505122,0.008975521919339252,0.001915073591704079,-0.005149304407046281,0.001481059804910285,-0.001864427869125999,0.00806984586349115,-0.008791806286177914
(12,),0.01321255636308512,-0.01173598136551087,0.0008513867179016715,0.01890766666234,0.004248542839571528,-0.005166129690157282,0.002605766568619436,0.008327229362403456,0.005859193822902464,0.001389166068387432,0.00791292962251452,0.1767064430212469,-0.01122238472322658,0.01361072701160766,-0.006637694866188639,-0.00349061776139618,-0.001634240424565994,-0.0005731645403604427,-0.01998508669038663,-0.004183434042360432,0.003417086807577112,0.005867462802429279,0.005220375012533215,-0.001278550472312162,0.009786608886235119,-0.00385940090613218,-0.0009533800184993549,-0.005671528171259634,0.007668479393781152,0.01113379574728222,0.009519537310644574,0.003465602738286655,-0.001339305007948782,-0.01393952920267321,-0.008752490987133751,0.00751755299045995,0.00538731598809915,-0.001665207612297117,-0.00998061425342836,-0.007258443384626878,0.006452285785705529,-0.009574095947533418,0.00433435277305463,-9.080574080712954e-5,-0.01300805697467729,0.00335785804085867,0.005974044934824056,0.01672713402705976,0.01708445461955583,0.01394469985071054,0.00622701348643821,-0.005548481743695759,-0.002509592255744573,0.01212705972530107,0.01049902665008748,-0.009665758172879721,-0.007220709024435487,-0.009929404782122293,-0.01577927446787677,-0.003863618504129004,-0.003002730963989793,0.01219647624745645,-0.009380599445641073,0.01233872545560889,0.002474279122359558,-0.003465189132614315,0.002818517932828774,-0.01970509019083907,0.007969524850221628,-0.00661306619773201,0.01472559505002896,0.009814987457474604,-0.001912543540861561,0.002373870468526694,-0.002451551596904732,-0.01176834167341943,-0.01628638533135647,0.007097240046489693,0.0207246917622316,0.002453934986586418,-0.009271601832709794,-0.001132321727123279,0.002270816246941105,0.00367644061916947,-0.009865783670777863,-0.004645782426850235,-0.0006504823074140794,-0.0002917248087418754,0.01444407607865901,-0.00195891281177194,0.00721186734314078,0.002487722454633304,-0.01018796139157327,-0.003639876977779198,0.01446632001242177,-0.01315176577769721,-0.01580655795568851,-0.00330825663313674,0.001250326267241734,-0.004251718166730307
(13,),-0.003811338432002625,-0.01069495735108539,0.008407177848235615,0.00098407557699513,-0.02074710042486777,-0.0149313136138613,-0.002348266666393535,-0.005565685761468307,-0.006203555940925769,0.02197523924428568,-0.0006537662322710862,-0.01122238472322658,0.1558941648281456,-0.01243763188189813,0.008198327889621439,0.002160306662003353,-0.01930865416601596,0.009067151996474801,-0.000604828044026134,0.005670557457025171,0.008262519345233994,0.0003070393879932399,-0.002127715926284824,0.0007368690709902656,0.004320728024546128,0.0004559714341669165,-0.002788348385096248,-0.002734173607701402,-0.008599288892753059,-0.004279223917693925,0.008706261524615103,0.01023723515085761,0.006228114483221342,0.001008102330737582,0.01046743752734041,-0.003968666534352702,0.01328378423809323,-3.733303921779092e-5,0.0119644845093236,0.003999845942852411,-0.008974097219368201,0.008605994191082544,-0.005527444100008077,0.00269512403244242,-0.002907307867339238,-0.005496986811668833,-0.00480966116169579,-0.007004591264039291,0.001302759477844106,-0.005346037539281798,-0.01332816971574266,-0.004700024909474867,0.003752743894400522,0.004675170609714431,0.01053867275805443,-0.01348501715408855,0.00659678499655535,0.002488526066442086,0.003379321404517146,-0.01195865965591697,-8.41719415228356e-5,0.0002004699425329323,0.0008268071405457047,-0.002828378307295485,0.009522378218782294,0.01423800426135585,-0.001258684815649942,-0.008295186785077433,-0.002770926079047454,0.001909507278452259,-0.006464429108934661,0.004526815661693263,-0.002468763008284931,-0.005164835287265505,-0.0005192072325489229,0.0002037742205043368,-0.007890771442501193,0.005381274326944782,0.002103385437310664,-0.007055243912749381,0.009354625200587479,-0.001127041616752518,-0.007529906137223215,0.001817831015369105,-0.006774739274652198,0.004652706156483574,-0.006235888222170464,0.002867906866036289,-0.002301947681274996,0.005163147212833419,0.0009404476516988989,-0.007992456845107933,-0.009509349920168246,-0.0008382491048743986,0.002655791250049342,0.004461205645584892,-0.005670455206697683,-0.01114107458771918,-0.01182602068901084,-0.01011965415447599
(14,),0.004556297137879541,-0.002625544728635046,0.006890229907070168,0.009424775853873378,0.002307482275312387,0.005581697132028584,-0.01420625493953195,-0.005605771886609288,-0.01302126859202307,-0.005238247141393773,-0.01913324548320851,0.01361072701160766,-0.01243763188189813,0.155090015976115,-0.004637869287944898,-0.01338627553544716,-0.001292897792929124,-0.01508396259340274,0.01076917568461742,0.01291117436082549,-0.008727022823502961,-0.003049078429629853,0.002140171646119598,-0.00463669799547793,0.009147000654243379,0.0166103523291241,-0.01257642056409853,-0.006939428950650595,-0.0006122461160407726,-0.01084806773311806,0.0148971906843321,0.002653858920869751,0.01352372177876919,-0.001482489027482589,0.005052727334280929,0.0003602179089404177,0.004081109824291572,-0.008713139633990426,0.009306860714602716,-0.01163672578333254,0.00241355182560319,-0.0006606809913885846,0.0154628768608252,-0.005406220296564594,0.003796014054222315,-0.009996883867204417,0.005825223337552451,-0.01230626133844558,-0.004634595040961965,-0.008936078490113849,-0.007180340979793819,0.007848319979377918,0.005086528779215038,-0.001585264436372636,0.007040809157601305,-0.0004360249395116499,0.0028128227864518,-0.002180568022945743,0.02352156689727439,0.00880757557553608,0.003647868555716125,0.0111574296303349,0.01323320208775244,0.005061942436917478,-0.006835153500488324,0.002603135669531562,0.003144766976084297,-0.006282155019521826,-0.01676403603873688,-0.0115653574479522,0.007312900940929856,-0.007478965010063903,0.009098017125131117,0.004617893017471873,0.001841380168259008,0.003070311964011873,0.004441432483035213,0.005042792075213337,-0.004207400452653172,-0.001776501201791606,-0.0003106104026383126,-0.003369017568844793,0.005929886600927687,-0.01281087150191641,-0.002841226479362582,0.0003187231016682722,0.009271712971827602,0.0111103719573832,-0.001527966534451671,0.001665164205162689,0.01154529347607012,0.0005330312526098822,-0.0008363857609653834,-0.001644022912175486,-0.01280182028800228,-0.0009848125022018186,0.001082604063849733,-0.009986221410816495,-0.001776900316908,-0.004323605208409543
(15,),-0.005558600455163244,-0.009562821773735252,0.0103381380838868,-0.003885497066857102,0.003564499810548222,-0.01255553844027537,-0.0003206740536871321,-0.01608502952683922,-0.002387969776643185,-0.01057419532478236,0.007281552866808994,-0.006637694866188639,0.008198327889621439,-0.004637869287944898,0.1684961084643494,0.004663828238968873,-0.00508482424594444,-0.006911296875910054,-0.005759988715387083,-0.01160955259666925,-0.005368765923777143,-0.006410943197407849,0.01578018731442958,0.0001364862456489972,0.002086414541774628,-0.002677848444645062,0.009247971535318079,0.0007439479900906179,0.009199353393111967,0.007542911641944778,-0.01218777022068861,-0.006394286604633908,0.01098024209503968,0.01556190201920801,0.00725134674975557,0.004098937156065363,-0.005250138379069976,0.007146437005644847,0.01485073117159177,-0.01955100368851909,-0.01435114398581131,-0.01078625975457957,-0.007781177972486248,0.009479135838377659,-0.002929876971687663,-0.006046931908754152,-0.005632084674515156,-0.004352386339395332,0.005389083844370691,0.003094761039383382,0.0005771615257271644,-0.01420357260751515,0.0009140616614196845,0.006620571896991481,-0.01614516806637413,0.002662996939132099,0.00679376507142322,0.001302100794938052,-0.008935573954525421,-0.0008699697633196024,0.00603449220798862,-0.004126143179655284,-0.007148076668486049,-0.000817439918219511,0.005514894548088402,-0.00300312776351609,0.01426161658504189,-0.01307845344112917,-0.00792488844296773,0.009894213416864809,0.007000002302400099,0.0136619725990772,0.003783597998465027,-0.001095808006855835,0.003711525844342076,-0.009738819843961681,0.0001281644565760859,0.001092725908996309,-0.01180495108222555,-0.02028664280759692,0.001656013455879919,0.003146367498407923,0.009845633105812802,-0.003775894380283067,0.002486082515965217,-0.001616018589032118,-0.008864032926098204,-0.008406178938571263,-0.005702752065876687,0.01221459022843585,-0.01105711785409834,0.005513620723048243,0.003690695552377336,-0.0004142989584525511,0.001911608266870219,0.002774238595599581,0.01656393705312956,-0.007461169104595159,-0.004457946843076049,9.971934799468566e-6
(16,),0.0006980965929066026,0.006500425023409012,-0.0124085310272145,-0.00752920893353515,-0.01510272488916758,0.007347982386216685,0.002414183527025632,0.005384465266060064,0.0108401962616639,0.009207550336940165,0.00625130020990413,-0.00349061776139618,0.002160306662003353,-0.01338627553544716,0.004663828238968873,0.1819607166561632,0.003119632408156222,0.01100321198309656,0.02011708738799124,0.01662407503281817,0.007147246597943619,-0.006759394841678616,0.01317366211209514,0.004815281563275297,0.01651206969834054,0.001911985835856105,-0.002691583681357576,-0.002415703496661878,-0.002516684172862662,-0.0053835792788684,0.005049356793350491,-0.003711739606707049,0.009652106227781619,0.007564775505136512,-0.01157672312278319,0.00359735125274286,-0.004319633010588183,0.006411889563043839,0.01619288939915009,-0.007747254888870131,-0.002992384186981505,-0.003046408636747887,0.01294287104528959,-0.001117164575810183,-0.002088066144792559,-0.00303480766607571,-0.005191499550209706,-0.01789818978794136,-0.006606552688234217,0.003202954996433047,-0.00888378406964676,0.006925227602032262,0.002544254305851916,-1.05247897185601e-5,-0.003948100268699437,0.007058416382621337,-0.0100203423342766,-0.003853448285007529,0.002443839635951744,0.0008739584969006802,0.006697243058708455,-0.01156149780117492,0.004780780471358632,0.0006966329297206663,0.003633385288682432,-0.007289636860162423,-0.004454031723446094,0.0042723748047234,0.003497042372748074,0.0114027793470011,0.01070259188149308,8.898062541137897e-5,-0.004422390060046587,-0.005801898980946579,0.002423764649604977,-0.0006929349898357567,-0.001300260694493853,-0.005212030321415356,0.003640436117306399,0.01030018043103494,0.00068419074141772,-0.0004937740066498045,-0.0119176130658355,-0.001280191571432703,-0.001946943112915197,0.002254965367348777,0.001818039807546282,0.01904747070667641,-0.009259992088569846,0.00875127591511659,-0.001942105944165841,-0.01190136006911105,0.005091211885478667,-0.00979321613647351,0.005052196198375105,-0.00067089067729754,-0.004916502723148065,0.008430299396089181,0.00897299288577265,-0.0001485790037027728
(17,),-0.01348804053440903,0.0003193358675597928,-0.01223994327127801,0.000118296209261432,0.004943106037732434,0.01031702807994782,0.00894213459986654,-0.005040826749775486,0.003823116294416346,-0.01699244611896113,-0.005212108886958462,-0.001634240424565994,-0.01930865416601596,-0.001292897792929124,-0.00508482424594444,0.003119632408156222,0.1660116522698578,-0.001729838590880461,-0.006862201985854187,0.003222169080861188,0.008473939675018503,0.006344575940767594,-0.0006733442612467703,-0.01552127916616628,-0.003948203525943118,0.009624390548972267,-0.008043828424446207,-0.002227059608878422,-0.005842183835446041,6.83206481129672e-5,0.002260081750662314,0.006828670564602572,-0.002492481442018472,0.006924978807123198,-0.005394327392116816,0.002217853338197004,0.001983311872670189,-0.008854211709663202,0.01313897423651222,-0.002885041994799661,-0.01227937613057522,0.002023895143832709,0.002777223453184688,0.00801582258765425,0.002729960978966431,0.003969585944812073,0.005416389150748738,-0.002551479299774588,-0.009129580613608138,-0.01451456452435943,-0.00371666134401337,-0.006740635714617154,-0.004472376042259436,-0.009128827626076527,0.004359929494794105,-0.003335357825763891,0.009439444693432301,0.01428479767908772,0.0038267775392797,-0.0001605148106974587,-0.005785506267852156,-0.0003689401202715423,0.008103591986341023,-0.004782291070644722,-0.00163532982604768,0.004478790301872848,0.005768609529198426,-0.002147952290502887,-0.006363265239502777,0.007415372116089424,0.003320326296152365,-0.00958030760651214,-0.0006034727590994007,0.00410055439957745,0.00712864115494319,0.005696630887533949,0.008035352679621587,-0.004771311877392477,-0.0002756410991273979,-0.003025494642485502,0.00863247181784571,-0.005985598574194433,0.00828205306149063,-0.00406854170228872,-0.00202774806502715,0.005466218739225251,0.007953060040756719,0.003403241845441127,-0.01782815612127985,-0.01024720293835735,0.01879101087901691,-0.007495467637641714,0.003507835621476356,0.005980272048921307,-0.009023153934318105,-0.02064979787458059,-0.007985740196286043,-0.01680685344434199,0.008464080602301366,-0.004625762632565046
(18,),-0.008261364484380803,0.002774178001523049,-0.006037054207989005,-0.00888275779861964,-0.002965766231620904,0.01179601821443295,-0.00892782106405085,0.005089253550354089,-0.003827229548013884,-0.002865767579610071,-0.002585355621780767,-0.0005731645403604427,0.009067151996474801,-0.01508396259340274,-0.006911296875910054,0.01100321198309656,-0.001729838590880461,0.1569763203268468,-0.005148193912484413,-0.002423994513233044,0.007541898156285746,0.007753536193495223,-0.003701681867193753,0.01123102790227906,-0.008670416601189643,0.0002440845490422589,0.008339179011775508,0.004255249730466395,0.008770560347393971,0.01114617700267978,-0.005084194958125048,-0.009132093372707885,0.01576562103038301,-0.009227383483895388,-0.001695759001088807,-0.006103176743455028,0.006269874086464361,0.003464872556418092,0.002422898826418763,-0.0145180650558372,0.003757971481372282,-0.002820061873356487,-0.008724253180026327,0.007419734194902918,-0.006574633785280419,0.001018698940154298,-0.00937030758188468,0.01508790891880599,-0.006474263487704671,-0.0005664723075188533,-0.01066897012179352,0.01465304165631051,-0.0005735284324557098,-0.009824239874942098,0.002358129817535006,-0.01313503251792543,0.003204082707728767,0.00975578963034771,0.009477674405231626,0.009453895499415662,-0.001619631857471658,-0.00833932538455389,-0.005814543879619268,-0.007122092087631931,-0.01438949005854881,-0.006801743462851629,-0.01269658499956165,0.008467125518484272,-0.01578834928254174,0.01363979346148644,-0.005205471906326371,-0.005146104021430477,0.001863417368163304,-0.00728102045272052,-0.006618683983759974,-0.01094131553587064,-0.003649644965243698,-5.54552475212683e-5,0.000881675855863989,0.0004172458348237586,0.001773103985201217,0.006678037141039505,0.004673597412259966,0.01326260633439121,0.0006526550988756051,-0.005973914995361135,0.006315215511055686,0.001875314543537608,0.009773689804840733,0.004961373890585249,-0.0005416046895538637,0.005525029440362263,-0.00313422435169475,0.005657885764306338,-0.004315062325202065,-0.00640637935796487,0.002052845362656554,0.001285939881203806,-0.01056624944428021,0.0008729851121226298
