index,1,2,3,4,5,6,7,8,9,10,11,12,13,14,15,16,17,18,19,20,21,22,23,24,25,26,27,28,29,30,31,32,33,34,35,36,37,38,39,40,41,42,43,44,45,46,47,48,49,50,51,52,53,54,55,56,57,58,59,60,61,62,63,64,65,66,67,68,69,70,71,72,73,74,75,76,77,78,79,80,81,82,83,84,85,86,87,88,89,90,91,92,93,94,95,96,97,98,99,100
(1,),0.4115503358769638,-0.02660666127093295,0.0191641763479788,0.01150283178758815,-0.01159767872256229,0.01503142251877509,-0.007900905038382387,0.01276757800845477,-0.00960005868189677,0.05271485358988674,-0.0141378926097647,0.009581796601472951,0.03417652892029791,0.01047463973867283,-0.04276994431177748,0.008295741467484625,-0.02831758373760319,-0.01248088156189344,-0.001389840826447372,-0.04418123142566215,-0.00900711435205643,0.0038961579918135,-0.004531425065926256,0.02177240388728913,-0.007697484490228265,-0.001959147072021104,-0.009456561001379746,-0.006341748749104644,0.02197395064414245,-0.002557926606430377,0.03790720116652728,0.007158108761147914,0.00581266331265629,0.0204731139305791,0.01725230225052002,-0.02046641041451872,0.0219608248403895,0.01781525265541047,-0.01471794837596955,-0.04482594052181854,-0.01183982464654994,-0.004210944302337248,0.01429595851968323,-0.02763189117085709,-0.04209411517345019,-0.007334553442507913,0.02645359279429579,0.02766373129843648,0.01657117950263468,-0.023293586088944,-0.03486006968413805,-0.02289639329145673,-0.01317095178923452,0.003489735424520571,0.0133859654602994,-0.04931859489051606,0.008280741498372147,-0.006850160814211957,0.02287045774804072,-0.01232787940929904,-0.02474310890308118,-0.06133147464272615,-0.003998386034575753,0.02361689633252406,0.007667271492934905,0.03509513186867218,-0.01725550437861946,-0.007242887158477474,0.005387911771603898,-0.008035610641344098,0.01759833290182756,-0.001576923921165969,-0.01960871162364817,0.003447625504374571,0.01176020700645544,-0.05763747699559868,0.006938639264602527,0.003783477918118175,-0.02457510670286219,0.0008819506479332734,0.02342753085629402,-0.02313637549029905,-0.02873740564157223,-0.004172632851417616,-0.005876070853060893,-0.008715159766301706,0.0106463148228011,-0.01223472943614471,0.002315761311721486,0.009111246155016295,0.05329521906809671,0.02302797356295976,0.002184617673747774,-0.001665223339532182,0.02733641192730685,0.02454754611994388,0.002113451233547169,-0.002213280860043681,-0.01114225661541229,0.009431407840205701
(2,),-0.02660666127093295,0.4414147614451101,0.01585954321295608,0.0279275455199027,-0.007598546991330099,-0.03255734795763364,-0.03094977307636587,-0.01047170177368827,-0.03330806854028961,-0.02350516203581364,-0.00098610463187585,-0.03401831373199138,-0.0364889870209101,0.02971668722885092,-0.01742027499347522,-0.0005082131600794716,0.02209913989474642,0.002291574338260419,-0.002038394643410365,0.003767178127571612,-0.004396424843970471,0.008905185552802055,0.0201692986098258,0.02102425453680038,0.003004777763483324,0.02997607177336323,-0.01229349708762389,0.02087476607526006,0.03408941444895082,0.02383667792008012,-0.02085223197634329,0.006067179554559845,0.02873589248271457,0.02698134766668395,-0.02142156572981289,-0.02321021589661034,-0.0365012840856228,-0.006225892887194748,-0.03415208934229989,-0.01612404621631075,-0.007084900771925759,0.01603921282025344,-0.01591720433908873,0.007527993369714969,0.01245454777412967,-0.06155137926072654,-0.03058978921910865,0.04677179626514488,-0.00797297984111825,-0.0004069255832241994,-0.03189171686251997,-0.02720584371833937,0.03443818744072922,0.01160480426342276,0.02937770500802733,-0.01705215072590741,0.00407165481184305,-0.008330395190173822,-0.03279298296215148,-0.007025808089137031,-0.02596946396910627,-0.002630857345863955,0.01365725592932443,0.0231264202682294,-0.04594652305037933,0.02153001474918928,0.006340780774256696,-0.009442809262850729,0.02742218734489478,-0.01465682308116638,0.02281891534033168,-0.03582439547714547,-0.02344370392107403,0.02264448021321885,-0.006636842063948219,0.02177536994863677,-0.006894442505772731,0.02142144291218204,-0.03410704713760222,0.01313632355219151,0.03176070191538324,-0.02432060546672619,0.005879500017857617,0.012943506831116,0.01005014374387878,-0.000878439609113079,0.01693462835730552,0.002628839754426402,-1.913982649578516e-5,-0.006275172270319406,0.01117333352498088,0.006204099695117028,0.02176868870240581,-0.01223511399403384,-0.02552187890004985,0.01003858626839107,-0.04210993308805785,0.01674230809264569,0.01488843245180139,0.0009856837049347065
(3,),0.0191641763479788,0.01585954321295608,0.4266403677185586,0.009164719333155193,0.01559868704934667,-0.01215812429580221,0.01785149542028609,0.00903501150537663,-0.02064274924894546,0.03255106633885681,-0.03143947620588362,0.003201402097374233,-0.01067280200278871,0.008169813014755604,-0.03154357771477598,-0.02146408483195988,0.001639537876122973,0.01971369567602267,0.02793448007739188,0.009407892808810402,-0.01906667297503222,-0.005768247325227441,-0.007996765985426908,0.02500020323632407,0.01837027703741921,0.03421741004953684,0.04418630921131474,-0.004943055414196502,-0.01770248267940496,0.02247407138835267,-0.05280073026383976,0.0124673148612846,-0.0009617996790041265,0.02432971671305748,0.03791682137586156,0.03683520131893085,-0.008353833816128201,0.01987125669614143,0.005163245199750664,0.01222798112679015,-0.04410289993345937,-0.009973193472112462,-0.0186127025395894,0.0001568586112762155,-0.007413694366124587,0.006484504755972287,-0.003172885736744673,-0.01040239438943904,0.006950973276266067,0.03621095930456369,0.02274009943207007,-0.02406615001339241,0.001320458105026292,0.01059844576155691,0.04072744799667743,-0.006679670586668064,-0.003084733577981987,-0.01961843430997288,-0.01036989749251355,0.01542957108634389,0.000626241813922058,-0.01366833168060198,-0.04939661607147872,0.04715107990297852,0.03433461573549254,0.02170514506757052,-0.03551309564840722,-0.004148939465906315,-0.01051101168515093,-0.03906821020011811,-0.002275231728789097,0.01103110813107322,-0.06812840232406292,0.0009280323524053243,0.006615924997257125,-0.02166602840772089,0.02621325808297511,-0.05367446330231539,-0.01325353741440339,-0.01594974498987582,-0.00964708833036357,-0.0009095603359701352,0.01881303704819044,0.009019071029597182,0.01116350648919713,0.01197557245499688,-0.01534850902736229,-0.03265397057014137,0.005363348402149087,-0.01630783105614879,0.0176975783346871,-0.008543649728086383,0.02842330248694038,-0.03844542237132377,0.04786948397689211,-0.01045281131773353,0.002928261068775394,0.02564481504732444,0.02068921588534775,-0.01059785710916851
(4,),0.01150283178758815,0.0279275455199027,0.009164719333155193,0.4662563660113022,0.0237175862776463,0.01504487291893097,0.007305140630189183,0.02722057855141567,0.006716835570488743,-0.01120229634440615,0.01234901535853787,-0.01707893623174805,0.01965893067069361,0.005076299864819483,0.008600898134501229,-0.007072907111074127,-0.049963962157572,0.01449863187646807,-0.04914128252712717,-0.01802198950283077,-0.005124309140910439,0.01300930655980904,0.02818826002416704,-0.01085326676121075,0.02159555109178656,0.01637374076998707,-0.01743861438745,-0.01043815125944519,-0.02044546627120165,-0.02877950492076051,-0.006009612165390444,0.04970308874333432,0.01780523235295339,-0.01685433562571508,-0.02038124152272709,-0.0157767555693137,-0.009765829739230101,0.0331609588625516,-0.03085742473509896,0.0347090958859773,-0.01543488007781147,0.01775199243372106,-0.001101192703032007,-0.002182193761874915,0.02156171380283283,-0.0292113072059286,0.001815976808110335,-0.007993469392057143,-0.008377973446663663,-0.008650270034236227,-0.01059164116694308,-0.01162078713313677,-0.002025220358729954,-0.02742170210791728,0.003728814180248354,0.01131677188015066,0.006449129579411054,0.003671512693185451,0.006927079510050905,0.03509804781692619,-0.00184570664505987,0.0121689201179571,-0.02317774911938649,0.01502235994044581,-0.01289160523839051,-0.008094571899162357,-0.02404322087135979,-0.04594947596713624,0.001568617320223941,0.007212892781827522,-0.01181180051971947,-0.01614959633033348,0.002265464893019875,-0.01860510617200589,0.03703411006563721,-0.03213817312902535,0.02941386911749325,0.01919901975781641,0.02574018816187215,0.01326042296146028,-0.001215673596735984,-0.004270077900410445,0.02305536786567694,-0.0294513947821455,-0.02268739084389332,-0.01358254698389123,0.00832074926357376,0.02628970612385129,0.01339020505978935,0.004919574951735228,0.03635274607485144,7.640167884142361e-5,0.06155233911094891,-0.02158347422438102,-0.02156942453672404,0.01596140070861997,-0.02137171043269182,0.0008921008795911411,-0.01250999520879455,0.02741067796594455
(5,),-0.01159767872256229,-0.007598546991330099,0.01559868704934667,0.0237175862776463,0.4323172528232632,0.01651808261879043,-0.01239374428081918,-0.01472524208770085,0.03050599062535109,0.004447534370689434,-0.03431747625812204,0.03950761622139262,0.01545596081927834,-0.02149555399540378,-0.0178291857337874,-0.03411470637836431,-0.009174763486108043,-0.01673841146572642,-0.01153647922560907,0.0103814746291272,0.02032279557282875,0.04716036386333532,-0.02044772754718878,-0.03020223070539152,-0.01413833930552282,0.007760380005627546,-0.02038135417917235,-0.002152969001943179,-0.01860687742951778,-0.008856142923723399,0.004521040765589689,0.003212394200371906,-0.01049240036117227,0.04466003571371302,-0.006131966747930425,-0.0005170180667592812,-0.008785268984921941,0.001915584817692959,-0.005555825429418439,-0.001045719143692204,0.0333558300803867,-0.03429235465992719,0.04274090455872512,-0.002089343915356863,-0.0390702336267587,-0.002290362731774012,0.008433995383096308,0.02761381550655624,0.002084903555959026,-0.002206262320035575,0.01239303228834766,-0.01385756507799957,0.03407477205580416,-0.03267460856288171,-0.01898746060055504,0.01627719733580014,-0.006027637848780689,-0.02537769756651069,-0.002660855253765942,0.01439182823043695,0.02903812993317538,-0.005206616657258658,0.02780008676043896,0.001428566450594683,0.01140166509306964,-0.009207309092802192,0.01935162720019074,-0.02313378632995228,-0.01205326571841585,-0.03245512108710699,-0.01872008792824877,-0.02070199559769625,-0.01525475353305411,-0.03509763043385767,-0.02468639107961735,0.03750869533355763,-0.01991084269465392,-0.05319830081513334,-0.01722266467790114,-0.01223382933411228,-0.01160113759449127,0.02394943959326501,-0.04022205309561049,-0.02330648161142923,0.02121865789956597,-0.006527719401558911,0.02074575077915202,-0.004589981687224109,-0.02061352300154561,0.009768909628236132,-0.005814217348445673,-0.002134415965369823,0.03634673400429218,-0.002212715257333945,-0.004851386041114713,0.03602552036263092,0.01699142781632827,0.02724862441859113,0.004213447890836226,-0.004317474328945461
(6,),0.01503142251877509,-0.03255734795763364,-0.01215812429580221,0.01504487291893097,0.01651808261879043,0.4293661843115111,-0.01431326882501123,-0.02538410052625781,0.02434774332068168,0.004418344511937251,0.007771972270337847,-0.0001390175159873338,-0.01311007423232691,0.01059697611937435,0.01702349929785624,0.03171435553508394,-0.04258260277035835,-0.005012698212121477,0.006979263534375846,-0.00303007084453798,0.01634958262500727,-0.003956295287409458,0.003404015281923242,-0.007493540017421507,0.01768380156670575,0.00409102396769915,-0.007576983604836628,0.01314348940855219,-0.01120916069105823,0.001819534664593388,-0.007156095233253466,0.01258768793739896,-0.03710050293963567,-0.03383741350299585,0.0006607113737857436,-0.008877166667051576,0.01452597616601541,0.003356467164816962,-0.0007651571652109548,-0.001423225510221175,0.007343343231389939,0.02128442388343639,-0.00813699328919194,-0.001656115493859843,-0.02444631644053444,0.0222516290805047,0.009952514778764302,-0.0233124798153149,-0.0199036108227308,0.008949045358373688,0.0002296752406374882,0.009351621777543145,-0.05009616394582171,0.03971831273817072,-0.02142481756007437,-0.01115272814969614,0.0463830639599261,-0.01064180330540985,0.002415280690903967,-0.005879075052779702,-0.02199675610211893,0.04016769475421713,-0.01728979532414727,-0.001498559529472947,-0.01935926208230084,0.004691242432545933,0.01070081341992212,0.0206582591078064,0.01079638051096386,-0.01018654760348019,0.00496951189654451,0.01892296788720544,-0.01933501399435807,-0.01271705036939244,-0.02104961961841152,-0.01954399986035424,0.01327928291337114,-0.004865254031549979,-0.03879947108473424,0.003681487626827151,-0.005265816209972841,-0.01585407380386073,-0.009800866572720675,-0.007780059084713146,-0.0315953990321506,-0.002023070233585626,0.02154578154161627,0.02746051186097228,0.007282952266716617,-0.001346473137850162,-0.04033401221010562,-0.03726502669420739,0.01199533166779165,0.006061577561674128,-0.01012791446899158,-0.01134974314551689,0.01915985482921998,0.007908815145380842,-0.002390133483583348,-0.01342269985377883
(7,),-0.007900905038382387,-0.03094977307636587,0.01785149542028609,0.007305140630189183,-0.01239374428081918,-0.01431326882501123,0.4109234924221484,-0.001682675618027125,0.04590106485021477,-0.003811167356723853,-0.001179631567464532,0.003392308073317629,0.004450938515261621,0.0003169705367381283,0.02633214928294059,-0.02594884100844219,0.01365894268876874,-0.003163925465664243,0.009882648387935036,-0.002272521580900843,0.00844786793048255,0.03986245606526101,-0.01384552978099676,0.001616386939888878,0.02627746728580192,-0.001326994455729839,-0.0181834169156447,-0.005972976274714536,0.02562615457018778,-0.006397642632976118,0.0360448152119581,0.009543048433372541,0.01107980761888787,0.02170253755557559,0.04653981751593589,-0.02947860794457184,-0.01095128701372514,0.04681780766204607,0.01483693558890081,0.01165469136530894,-0.02204086647397614,0.04031788275050738,0.008763653842297438,0.02332573683154571,0.02008974489634468,0.03913419228265861,0.01943497707809909,0.00268725969553436,-0.03731074780097486,0.002176825372243592,0.01626418050181293,-0.0005700875495706914,0.01812741075055078,0.01550638586645147,0.01531288725595143,0.01933827618381465,-0.005636326891520079,0.006470413008142982,-0.02752415369972899,0.010567794896669,-0.01052637632907431,-0.01758376638628997,-0.04423111507546196,0.04532065475305125,0.02671550153015442,0.03601497271095153,-0.02923023649311057,0.01781297624607135,-0.03455026064649851,-0.01896811303463631,0.04647996400807188,-0.001686641700738652,0.003082125539255071,0.001310686881672643,0.009320379870676859,0.03993071526879521,0.03758536422556051,0.01126364322585875,-0.02592280946917952,0.02268978576171938,-0.03969901476082585,0.02692743062729138,0.02228292564195003,0.01940131971668555,0.01253674446041849,-0.01967701614960571,-0.02912748556374492,-0.02595307554317647,0.004411143648246497,0.01506120194132493,-0.02575740976532064,0.02098187511166792,-0.01592992230042796,-0.008865735015479484,-0.04998362797841093,-0.0340712400697837,0.002879285322447207,0.01439041822895472,0.008412711074828392,-0.002223123765337616
(8,),0.01276757800845477,-0.01047170177368827,0.00903501150537663,0.02722057855141567,-0.01472524208770085,-0.02538410052625781,-0.001682675618027125,0.3691799233842755,0.002655803347602431,0.003316944789611872,0.01143032935574491,0.01943003370512561,-0.02336585146012361,0.001834718716119943,0.0004417020809902973,-0.01769817323897497,-0.01722102540343604,-0.01693928450148646,-0.008908471607721683,0.02398294516367681,-0.003064875502329489,0.03350070685009612,0.007746545213575937,-0.0130147518585364,-0.01838365048787406,0.01032330001066996,-0.003917251145492999,-0.01109077261695377,0.01563076170882076,0.01425293307475135,-0.01077997574247984,-0.01409021124551476,0.03758301672674893,0.02443800671355291,0.0008952509157949686,0.0117979281192633,0.01456833141332938,-0.006255494984198326,-0.01933166904849514,-0.0003457329868018645,-0.01100472847639056,0.02582467163669269,0.001707101292776335,-0.01884557107537394,0.005358633776127827,-0.02443406761545436,-0.0332417586517344,0.01011215374396395,-0.02117933516268899,0.0153124250855627,0.01346944720505595,-0.02045832456932863,-0.01905874700030663,0.01023703097117602,-0.0187252802989352,-0.02333388943748821,0.03103776446026733,-0.01050167044131083,0.01725881480477692,0.006428092964072497,0.01758107344147923,0.01578042373595713,-0.0210601757422207,0.005324727894006105,0.001300722290495321,-0.02323397341694204,0.0101183814822861,-0.004844754309407459,-0.03086566162626121,-0.04174275587151418,0.03839963655763377,0.02878449818301083,0.00730228214010286,-0.009131580255847522,0.0124486700960573,-0.03716527077268147,0.003508785559156239,0.01848808957875184,0.00491223163440252,0.000921680159781362,-0.03718821414640453,0.03021445871431035,0.005269779982111113,0.03440830217250248,0.01368709662558796,-0.0384156421538116,-0.0277898266414563,-0.005277176974348019,0.03698346037112897,0.001711259296708312,-0.02203878656709191,-0.022364186100848,-0.01129771388186964,0.008233077248417073,-0.002579279099668267,-0.04030413712158211,-0.008124156878829933,0.004906976287237989,0.02804203875322736,0.005914502785438907
(9,),-0.00960005868189677,-0.03330806854028961,-0.02064274924894546,0.006716835570488743,0.03050599062535109,0.02434774332068168,0.04590106485021477,0.002655803347602431,0.4596220494418863,-0.03735119507191726,-0.01259314498391502,0.005717107877164691,-0.02740010948031283,-0.00734519834975688,0.007694087647070694,0.009435062956291474,0.02948716751087098,0.01233233408644919,0.04665085042182557,-0.01255131533202116,-0.02458820883404682,0.00804570951505822,0.01681130522106703,-0.01367792436113805,0.02383332886222687,0.03030632570983781,-0.04660837617096344,0.01349584824312047,-0.03550360537847746,0.01496963039315216,0.019605690113364,-0.03355285983097808,-0.004842240209654769,0.02071399841875741,-0.01927382789048637,0.05546852062114705,0.03413973779658286,-0.01121084183966209,-0.01732190082693491,0.03884061073270528,0.02555015721976306,0.05837558803096652,0.01576880860861953,-0.02802683794571691,-0.02099413283706256,-0.02277284991545306,0.002028093473282799,0.009327122227524513,0.002066026313570614,0.03236484454338307,-0.007430123394176428,0.0195201666158856,-0.03224297620523003,0.009078662484435372,0.02003414025374004,-0.0003896013158306093,-0.02964140438665407,-0.03655724455719395,-0.01302825455853125,-0.03903583200839184,0.05851369348791408,-0.00943114674820728,-0.02228273997928194,-0.001007019580126852,0.01971494510623946,0.003587915963743412,-0.02432893476003488,-0.0192833309594338,-0.03020652754730697,-0.04337067805177747,0.01846438312757405,0.02168908484152887,-0.004594676514956185,-0.04131530462051895,0.001523483326063797,0.04720894670447714,0.0333878332320441,-0.03623387857220037,-0.01281193111812428,-0.01796661925002029,-0.02384348660405086,0.02685385194092631,-0.007533724900650968,0.01629970131091955,-0.02302855914500256,-0.02058631892906949,-0.003831800524861618,-0.006782493937999134,0.002843244465926771,0.01501356365090321,-0.02227779188878358,-0.0104510310546561,0.02114515389882469,0.03585083474454012,0.01281990846115122,0.006282793638394344,0.01227176391440432,-0.005580612095319332,-0.01514466416255395,-0.02442142617805491
(10,),0.05271485358988674,-0.02350516203581364,0.03255106633885681,-0.01120229634440615,0.004447534370689434,0.004418344511937251,-0.003811167356723853,0.003316944789611872,-0.03735119507191726,0.4225531867577195,-0.03843942605513986,-0.01865282147256373,-0.004380355310807002,-0.02573747267399953,0.002068132694883791,-0.009554437546702868,0.02726517250195554,-0.02276250381209136,0.02349841792491515,0.002088045352991208,-0.01473850049330566,0.05122311967629677,0.005940273958587047,-0.002894278807976832,-0.001252439045827166,-0.03204181734779813,-0.01750393919586236,0.01505174025681748,0.05097463591533682,-0.01769626296496556,-0.04684291085013648,-0.02356519095090207,0.01257967508318905,0.006476979326129201,-0.007640784649373036,-0.01534592169748909,0.005291909966824821,-0.02244885847856219,-0.0004761839076406777,0.01116117054256437,-0.02614075545676182,-0.03091081302742021,0.01992084251143152,-0.0005654828411475229,-0.03493001327070253,0.04459663885730681,0.007905566209907419,-0.002331020395289184,0.01132299591931217,0.02422990670852478,-0.001216790709370595,-0.01150361908160707,-0.03826492784460514,-0.02503098096670396,-0.02503726607626933,0.03487977051097514,0.01246448813577867,-0.02748472771103697,0.01709144149238804,-0.01807165391469307,-0.01993479931319608,-0.01278512446540342,-0.01131310924785611,0.01556690126199786,-0.01183853963496584,-0.03092758062845765,0.01333093623715054,-0.04562001442421305,0.03704971297221968,0.03441869739235912,0.0002159707402187351,0.005576264942359129,-0.01802767831779739,0.05277175526261138,-0.0276747123098775,-0.02173830793945158,0.01519857653133019,7.474435807023637e-6,-0.01175415905998737,0.000353568858285323,0.009347753800852876,0.0145130867707581,0.01637666971195486,-0.01468917809722014,-0.01782595930127054,-0.04654756869949668,0.01189860610692155,-0.01640579287470242,0.005401083253985484,0.01334159205088967,0.004174562410571982,-0.001090559676447136,0.01676557186568718,-0.02732494053442116,0.01469038151652024,-0.04455259556405219,-0.01150790577837571,-0.01604071951559481,-0.007676423951507999,0.02481871021288548
(11,),-0.0141378926097647,-0.00098610463187585,-0.03143947620588362,0.01234901535853787,-0.03431747625812204,0.007771972270337847,-0.001179631567464532,0.01143032935574491,-0.01259314498391502,-0.03843942605513986,0.4187665985358762,-0.05067529242561107,0.01201610600888206,0.01997742390467403,0.004085520426520235,0.02647391352541627,-0.06140516328588776,-0.01557672368641117,-0.005147988749616673,-0.03157528644723472,-0.002864009891128129,0.02640509810820822,0.005505661195169061,0.03024846556571519,0.0001748811133519109,0.04161850706912992,0.01494139889415862,0.04597967722893223,-0.02209657164399665,-0.009650183462108702,0.01841624620636027,-0.01072268737690841,-0.02082711083449286,0.004073028002404036,0.004212346308667027,0.01000505874226082,-0.01100407058411638,-0.01429012074507663,0.001563051255854214,0.03491807555177585,-0.006125408853267016,0.00714523448100509,-0.02059082354644894,0.0284339103419878,-0.00848254754670802,-0.02072600812487237,-0.01107152961266011,0.003927013320446991,-0.007417084628543013,0.001802696073141763,0.005617253063187325,0.03985413265452719,-0.03173341739117098,-0.02750641721610744,-0.02012484882708124,-0.009064391656945812,-0.005020735150136945,0.001295560071949368,0.01033539004680795,-0.002656378619459398,-0.01252058687300283,0.02582535678994508,0.02727313523794567,-0.0002916528115455523,0.01719637360250903,0.02595342776429076,0.005106643927526877,0.04264886109684492,-0.01774477943939316,-0.0214693444837862,-0.0191112128907534,0.0001660968228081094,-0.04017766273121965,-0.03548305947988045,-0.005793062885903835,-0.03548748446356239,-0.01659311258419961,-0.0138939541588918,-0.001624343914486963,-0.01301769693782441,-0.02825341005681429,0.03668095476048288,-0.04298141035731027,-0.01880111739505776,-0.002328727377622631,0.0197625888657596,-0.006946236575521582,-0.01212434266172007,0.004197326486912734,-0.01406546584819851,0.01524256513824288,0.00399582063488824,-0.02143381532842928,0.01077170960629167,-0.03517234028739753,-0.007081816918692355,-0.03002457436682775,-0.01435123441484658,-0.005988021527738738,0.008480985956078557
(12,),0.009581796601472951,-0.03401831373199138,0.003201402097374233,-0.01707893623174805,0.03950761622139262,-0.0001390175159873338,0.003392308073317629,0.01943003370512561,0.005717107877164691,-0.01865282147256373,-0.05067529242561107,0.4236187507123711,0.02158298168072658,0.02191511583229449,-0.02504767649721615,-0.005845251541796456,-0.01958370019873577,-0.01103393281055319,-0.0171547132980751,0.02356766564754282,-0.01445230824069548,-0.02242259297738736,-0.01250892558660155,-0.02180029430311654,0.008176668368310585,0.002106290489742409,0.0292293326478435,0.01509177076417988,0.01480412736128247,-0.00287251970620149,-0.01470080585742004,-0.00797572720017362,-0.008426262373744267,0.02343935879838897,0.03483298745790935,0.001557062004277216,-0.0211558810701314,-0.008347206077558903,-0.007879748407205501,-0.02043137487432394,0.03131370980625887,-0.001949377854445331,0.01241930092113502,0.03261837285766549,0.04234999838712977,-0.01382771125947659,-0.004558797680604268,0.01546819262233676,-0.02128921590575363,0.002743745818417091,-0.01576733558546127,-0.001294506933297544,-0.0494749505251652,0.01688630864258139,-0.002176824709988298,0.03376571766960165,0.003473435097658668,-0.03257110502785642,0.01799663852695224,-0.04035405431212816,0.02166414707454319,0.03597016422246491,0.007206541904490207,-0.01471892393499648,0.02847429449798866,0.02924982942840014,0.01787457761785417,0.06071532113450564,0.002147932585351992,-0.01899824644349554,-0.00203736494015259,-0.008593825889507306,0.0454107807548277,0.007376763644426068,0.03530000500341014,0.004760077058274977,-0.02921219896581318,-0.02801258025052373,-0.02059919064410447,0.04494773473624593,-9.093394118868626e-5,0.001569492868994382,-0.02908231502405879,-0.03598167130591226,-0.001227165798918857,0.008623411785118097,0.04889117948965997,0.01610709732150795,-0.02171031857871758,-0.009630228617511324,-0.05473083162330396,-0.01363345534571745,-0.05775296159603099,0.02402226786556998,-0.001050458077157985,-0.009849802980261058,-0.0006416564960116476,-0.001131062294607482,0.03209901926243726,-0.02597648087971006
(13,),0.03417652892029791,-0.0364889870209101,-0.01067280200278871,0.01965893067069361,0.01545596081927834,-0.01311007423232691,0.004450938515261621,-0.02336585146012361,-0.02740010948031283,-0.004380355310807002,0.01201610600888206,0.02158298168072658,0.4428000965684989,0.009144897255435755,-0.009478003987318134,0.006572332235738899,-0.01362340760651752,0.01688286854980989,-0.005610588860541639,-0.01143984599165234,-0.007048010266356994,-0.03472292760408824,0.007779380558850078,0.03431104430181812,0.01109474829261783,-0.006059086930034167,-0.02311318641884453,0.0102233201457683,0.04650738825969663,-0.005238423629297337,-0.008269650402903023,-0.01730013706755234,0.01123992190078124,0.002256445083715081,-0.03124426383791694,0.006443405852824101,-0.01940220263462741,0.005771950417737422,0.0164306087848852,0.002130099625521275,0.008906501687140758,-0.003327507524750742,0.03280887252303414,-0.01921837416439274,-0.006028185464519879,0.0255634724194802,0.01673020971994803,0.01617289573682753,0.007775776887030596,-0.02493735809703018,-0.02004182124026652,-0.04111996181085194,-0.01806352264922457,0.007505029962650614,-0.004413473608125131,0.02404929395955172,0.009828635522607272,0.01283685247567449,0.009380784922992023,0.04494239628622897,0.006226236492163771,-0.003258474974584548,0.02861137163137009,0.0404065224921559,0.02634046339218139,0.004928552174582887,-7.608348390405599e-6,-0.0005758555478762949,0.01910627233238491,-0.01902182337494146,-0.03715164460551214,-0.008596493187404011,-0.01085778746725419,0.004442129198006092,-0.02340567610388099,-0.03091035612923316,-0.009673488978638244,-0.02419772394467634,0.02334137855057491,-0.002555012280682907,-0.009720735551451516,-0.02061831291006823,0.02083653438975144,-0.03729019194746103,0.03687294284690985,-0.01959663081109368,-0.02147855812225771,-0.0266676453597994,0.01274106804903863,0.0173935846788582,0.03356896345269761,-0.02604355067331277,-0.005588223878338124,0.0456597499545521,-0.02723741189803379,0.01374655062998403,0.03611968295533102,0.02353185797137972,-0.02980205325530976,-0.02435551683315815
(14,),0.01047463973867283,0.02971668722885092,0.008169813014755604,0.005076299864819483,-0.02149555399540378,0.01059697611937435,0.0003169705367381283,0.001834718716119943,-0.00734519834975688,-0.02573747267399953,0.01997742390467403,0.02191511583229449,0.009144897255435755,0.4418257258256027,0.03790654622387708,0.01322418365794232,-0.01546717784600269,0.003035177823624649,-0.009244727785469193,-0.02223583185609589,0.02036576974191465,4.715375910671232e-5,0.005554142934259205,-0.0003550312241565854,0.01105709739983751,-0.007571508606525671,-0.0194950377262553,0.004988205717472273,-0.0107542874323661,0.003105949202228428,-0.01460844867646887,-0.01786887558023588,0.02299496745239785,-0.00696292503743543,-0.007511273074748383,-0.04475475145065327,-0.01934831097998789,0.005368338767103554,-0.02719296173530026,-0.02491751488248208,0.003952861799781283,-0.008933997368563797,-0.02019686589723673,-0.01732385448682645,-0.01551793159984617,-0.00146060947005868,0.0278152386540594,-0.01034552795880339,0.006137576001096282,0.003157620245878997,0.01278889319504505,0.02639822096087602,-0.01540229465335955,-0.0001748593057241024,-0.05032652137087697,0.01513028546626178,-0.02442009133818577,0.01269984700140517,0.01752380015133947,0.04193004728146089,-0.04848040636693108,-0.01410230200819097,0.009594144891761074,0.02382938504380331,0.03678631798183439,-0.02013554399506307,0.03103527785003746,0.001423448289019176,0.03296063014935399,-0.02722843199190371,0.0001044282421691035,-0.001119877784200615,0.007720966287515497,0.01165395714937555,-0.01061758559130736,-0.03402816631889943,0.01529312421219885,-0.007799532316968548,0.01687105875662127,0.001068091915100928,0.02098505748200959,-0.02656730704959395,0.02010783479001225,-0.03679364945485931,-0.008635053145092407,-0.01543043362873925,0.02662618610583584,0.03319732740975991,-0.006584924950133484,0.01155964451312244,0.02824629397521226,-0.04019985456376733,-0.02836049642418628,-0.02170199992954495,-0.04609809641923739,-0.008668604824895232,-0.01441980396327995,-0.01922713843476557,0.001001069437664428,-0.009186034177823696
(15,),-0.04276994431177748,-0.01742027499347522,-0.03154357771477598,0.008600898134501229,-0.0178291857337874,0.01702349929785624,0.02633214928294059,0.0004417020809902973,0.007694087647070694,0.002068132694883791,0.004085520426520235,-0.02504767649721615,-0.009478003987318134,0.03790654622387708,0.408022352889304,0.003145012865840129,-0.01265395584953574,0.0407710915233896,0.01281430140400571,0.01270144673619025,-0.007109105434902592,-0.01145593944223367,-0.008432107240960975,0.003308628659303383,-0.01154601624684103,-0.02253468283664495,0.04276129319258892,0.04636900978446344,0.04120033053097865,0.01595805161945,0.006972271083592057,-0.01260921278842717,-0.01567124789396493,-0.02093910253949562,-0.02712190070930783,0.02256801846319293,-0.02994405300600491,0.01598551419071527,0.01735885439896209,0.03181877737047613,0.03523029140939515,0.01019925759930198,-0.001680410669679682,-0.03948214925582601,-0.0151597565950273,0.02762057151787414,-0.006309149486838624,0.00840243692205044,-0.01757927294549457,0.006211072692758116,0.02147161297185135,0.01834577088558165,-0.02980177452080536,-0.004820545205728785,-0.01863258882293038,-0.01584263653012868,-0.03159159064144795,0.01608989239286874,-0.00140944316930403,-0.002107854644342417,-2.371280199474704e-5,0.02113497356567266,0.03877817032882449,0.01551376513398906,-0.004920397740036215,0.0278946722436064,0.02649040735720285,-0.01521685116718241,0.03754524642267229,-0.002828486910117985,-0.01887703687051014,0.006101418740740905,-0.00407089072845303,-0.002109805499048508,0.03175989250642959,-0.01302710832591093,-0.01202269149006909,-0.02476450176566784,0.009142201630258152,-0.01039371213067691,-0.007045113370026819,-0.004086135575133444,-0.03359443091179711,0.01441256004822316,0.003045421795323836,-0.01806431415743912,0.005790926059916745,0.007626785655038392,-0.01578595062014715,-0.02104609288890858,-0.01151749663521743,-0.003809391878980847,-0.03642105723935333,-0.04057127940196713,0.01390022985598397,-0.0008918384358191031,0.001856584080630922,-0.004976218031683039,-0.002065654619811799,-0.007760580216060985
(16,),0.008295741467484625,-0.0005082131600794716,-0.02146408483195988,-0.007072907111074127,-0.03411470637836431,0.03171435553508394,-0.02594884100844219,-0.01769817323897497,0.009435062956291474,-0.009554437546702868,0.02647391352541627,-0.005845251541796456,0.006572332235738899,0.01322418365794232,0.003145012865840129,0.4369297081304048,0.02802579903742732,0.04107509124956689,0.005940631054136974,-0.02835027818920684,-0.006198619403245082,-0.002955786969616908,-0.02222629664958117,-0.01102818848810466,-0.006151566376736016,0.01664684491168542,0.01139791284067668,0.01351540720725725,-0.02390858023638853,-0.02413434810400442,0.02620409504772797,0.004196638002130536,0.01126912793734139,0.001052419548147151,0.009096977822193958,-0.001076563057472896,-0.04539068750482799,-0.01821230129304706,-0.02894199671633068,-0.02482095727087139,-0.003506293424525916,0.00839942562007125,-0.02436233381790604,0.03310109428371422,-0.0310866433949422,0.06182404063907528,0.004158332011875996,-0.02089242460480161,-0.03301141182879088,0.003233165847555358,-0.04078304120539577,0.007201148411495472,0.019390398318044,0.04644864023829923,-0.002175643687982444,-0.03012964169207987,0.0175751729750829,0.00934191098261786,-0.02391872847000002,-0.02031503575416022,0.006020458993186803,-0.0137108087296948,0.0298379443550323,0.03247983955376624,-0.02288308890845872,0.02221631782914798,-0.01153963694562476,-0.02622806365979273,0.004242666044935997,0.0305299412468517,0.03401212308226065,-0.02875086532688242,-0.009671041940432095,0.04751695330510457,0.0219792086392281,-0.01274149008965182,0.002816519803750294,-0.0202959553822858,0.02056770773761686,-0.00374161155811199,-0.02512582162079694,-0.002468868969620429,-0.007816399411764834,-0.01729456737198964,-0.02423251174001236,-0.006257191470976894,-0.01277982381151998,-0.02369118537259511,0.003095532709216081,0.01046881540367613,0.02364352683484554,0.02634652960707675,-0.01059280927740375,0.02355429258838156,-0.02083014890590524,-0.02368508807106501,0.0145490689772496,-0.008990348811787972,0.00858762406316588,0.03244499241761532
(17,),-0.02831758373760319,0.02209913989474642,0.001639537876122973,-0.049963962157572,-0.009174763486108043,-0.04258260277035835,0.01365894268876874,-0.01722102540343604,0.02948716751087098,0.02726517250195554,-0.06140516328588776,-0.01958370019873577,-0.01362340760651752,-0.01546717784600269,-0.01265395584953574,0.02802579903742732,0.4067535278625282,0.01693779892924378,-0.0123116799436571,-0.02501501342930837,0.01504704799408478,0.002528485330931934,0.01679323716721562,0.02094413273389105,-0.00858556845792198,0.00910811352013485,0.00200810156995221,0.008946872991192768,-0.02529676013656321,0.00753158972694281,-0.02086335369640559,-0.03224905883210565,0.002589356779733356,0.008133115137188743,-6.416988840830771e-5,-0.02007197271819709,0.02025863580310854,0.005741904689916482,0.04064093848793856,-0.02511879181386543,0.002741559428957074,0.03070945759545352,0.0087809378605706,0.0207432659440098,0.01708368527359394,0.005725839202292587,0.007069859801536838,-0.01598179117896008,-0.03238847451942524,-0.02407693757352626,0.005256346402336401,0.04986961722181319,-0.02597373100522367,0.02621851656031949,-0.02266222127125402,-0.04842360920970742,0.02914027201160963,-0.02616073948291404,-0.03116479205724539,-0.0187403587548001,0.04232380168896148,-0.002842453124375256,-0.004904682505399863,-0.01181961763342591,-0.03128214101355302,-0.05076787578628135,0.0142936768064122,-0.05838182362427001,0.03492702973091266,0.02106596205568018,0.03495474662048061,0.01322693778619965,-0.02253338921714107,0.02072590791793914,0.00885598286491996,0.03778066493963084,-0.02225333320421746,-0.002542665818639697,0.01652150425681062,0.00549771176327011,0.01581155086771838,-0.007975017766106,-0.0374740214714266,-0.01000944349408214,0.02322077258504174,-0.0005516460548839166,-0.01056881806874782,-0.0277134347228037,-0.005392042407800673,-0.05210450702442352,-0.02748108061933136,-0.004571812412552545,0.04004387978414567,-0.02591609398982764,-0.006084952311311594,0.01490764882860486,-0.0168669475320638,0.01159863889784875,0.01713784028911774,-0.007569473833877965
(18,),-0.01248088156189344,0.002291574338260419,0.01971369567602267,0.01449863187646807,-0.01673841146572642,-0.005012698212121477,-0.003163925465664243,-0.01693928450148646,0.01233233408644919,-0.02276250381209136,-0.01557672368641117,-0.01103393281055319,0.01688286854980989,0.003035177823624649,0.0407710915233896,0.04107509124956689,0.01693779892924378,0.4573235821553642,0.004903760569650211,-0.01689684304721829,-0.03020872200599099,-0.006049786347994622,0.0159316374392083,0.01186497188910848,0.008921678154203362,0.01211444315197553,0.01040710246007884,0.01500959729433816,-0.01340294853263835,-0.03225460757795038,-0.0009367373489228888,0.0005865214664162769,-0.004029801074269619,-0.004645266360975285,-0.01788436016816346,0.01459595987186435,-0.02900436427916895,0.02103364380004086,0.01141382190574244,-0.006051439016410472,-0.01506614052969835,-0.01847040169333394,-0.0005634811661561067,-0.02811691000863121,0.0180186626873084,0.01860562039484749,0.0212760665038751,-0.0259136628264238,0.002836300868244031,0.005481216730131854,0.01981589486287465,-0.05001972661455475,0.002761960593638557,-0.01394779073420726,0.0057790138613874,0.03309446448237226,-0.004021599456182822,-0.03832634973697086,-0.01406995406908092,0.01340156861329449,0.01483315687296771,-0.0295983038441343,-0.01553773791299648,-0.06692758563085346,-0.03994713220760847,0.04129984898216015,-0.01339392927247841,-0.005300814424316083,-0.02551201737056215,-0.02439912770111891,0.01002986551578128,-0.03202139482519544,-0.01262523261040722,-0.00793138921337119,0.01947963824964041,0.02250619332254617,0.02083369276821433,0.02487685134303048,-0.0177714946483899,-0.021379775192076,0.009479112855156045,-0.002618117539696901,-0.01977116086001997,-0.006659069671233362,0.006612044799525673,-0.03460478586843134,0.008375787489297688,-0.01602626215235153,0.0003897883411729944,-0.004902026084658459,-0.000270592074923134,0.02185258436682626,-0.006524459879353605,-0.01471221675947659,-0.01556229930680862,-0.02145257851639476,-0.05347996412288117,-0.002142247709503591,0.001075207235056916,0.01349652562211098
(19,),-0.001389840826447372,-0.002038394643410365,0.02793448007739188,-0.04914128252712717,-0.01153647922560907,0.006979263534375846,0.009882648387935036,-0.008908471607721683,0.04665085042182557,0.02349841792491515,-0.005147988749616673,-0.0171547132980751,-0.005610588860541639,-0.009244727785469193,0.01281430140400571,0.005940631054136974,-0.0123116799436571,0.004903760569650211,0.4388629436046763,0.04263818778224913,0.01157533121342235,-0.01541593498348657,0.02785170599105832,-0.03277973204215719,-0.006612979028569667,-0.02753254158847116,0.01383422775348352,-0.02824083643454599,0.02163402890607032,-0.02678709177102106,0.02161064158853925,0.006098352716464604,-0.02684454143037727,-0.01237296980421669,0.01719945777865291,-0.007745902631384617,-0.007489826507194654,-0.01379701907820312,-0.03845657933359384,0.003708013374158046,0.03105370349734467,-0.02476098657381743,-0.0190424005704496,0.006970831660014631,-0.02907215246236448,-0.02277315898656748,-0.008917950370875331,0.03216594692995019,0.01916946709531616,0.007322946205451282,-0.009883064222605147,-0.03398920223946586,0.01124220620623617,0.00766777123347419,-0.04054382278734013,0.04030234472561271,-0.03402970484101596,0.003761659720470098,0.006837409954186192,0.0216348534448655,-0.01530433882926402,-0.004131696111667995,-0.004369590546985171,-0.02850264174408673,-0.01195064408763064,-0.01392206688857917,0.005245926278060595,0.004705284732057322,-0.00798311267805778,0.01065117059343172,0.002602331692011063,0.0104056053389928,-0.03351927950767233,-0.005578082005802281,-0.02414593706514939,0.03559807055892344,-0.01303726137922701,0.003855154524497095,0.01395644495944109,0.01197174310059528,-0.03762086853207261,-0.01378441931751075,0.04404097067231984,-0.002784466140738945,-0.0146926871640896,-0.02323695144389467,0.03673709941812815,0.0003222752903623121,-0.03426454349112297,-0.001142056278012269,-0.02414030340105425,0.04794776811696913,0.03419741626554423,0.01499161559543897,-0.003545213561169391,-0.03669513401430039,0.03937615498152477,0.009416307599467752,0.02971227569477215,0.02330357749690258
